abduction	0.19947	0.56539	0.2959
able	0.72523	0.40291	0.73712
abortion	0.29723	0.5469	0.44122
absent	0.32232	0.45971	0.40951
absurd	0.39762	0.41083	0.45971
abundance	0.70542	0.56275	0.60106
abuse	0.07266	0.73712	0.32232
accept	0.73316	0.56539	0.54954
acceptance	0.88904	0.54822	0.71202
access	0.64597	0.50462	0.6605
accident	0.10568	0.66182	0.33157
accord	0.56539	0.39498	0.53633
accost	0.40026	0.52708	0.41347
accuse	0.17041	0.70277	0.37252
ace	0.74373	0.56143	0.679
ache	0.15984	0.49538	0.30251
achievement	0.87715	0.56539	0.70145
acre	0.58256	0.48217	0.63276
action	0.7107	0.69749	0.5786
activate	0.55614	0.47688	0.55218
actor	0.77675	0.63672	0.49141
ad	0.49538	0.40159	0.49538
adapt	0.59049	0.43197	0.55218
addict	0.16248	0.58256	0.32629
addicted	0.16645	0.47028	0.29194
adhere	0.49934	0.37252	0.40687
adjust	0.5284	0.5469	0.47688
admire	0.8428	0.6539	0.66314
admired	0.85733	0.64201	0.82959
admit	0.48613	0.49141	0.42272
adopt	0.69617	0.45707	0.61162
adorable	0.86658	0.51123	0.59313
adore	0.78864	0.59313	0.52048
adorn	0.64201	0.43725	0.52444
adult	0.69221	0.46367	0.59445
advantage	0.75297	0.46367	0.67503
adventure	0.83884	0.75694	0.68824
advice	0.64993	0.51783	0.55746
affair	0.24703	0.65522	0.32497
affection	0.9432	0.65522	0.63804
affectionate	0.786	0.58388	0.57067
affirm	0.64993	0.46764	0.63672
afford	0.66314	0.53633	0.59577
afraid	0.09908	0.71598	0.36063
aggravated	0.18626	0.59974	0.40026
aggravation	0.11229	0.64069	0.34082
aggressive	0.50859	0.60502	0.57332
agility	0.68824	0.47556	0.6103
agony	0.15588	0.6354	0.36592
agree	0.75958	0.44122	0.66446
agreement	0.77015	0.49802	0.65654
aid	0.75033	0.54954	0.56803
ail	0.32365	0.44122	0.39102
air	0.67239	0.37913	0.50859
airplane	0.68428	0.72919	0.32761
airport	0.61427	0.62351	0.41744
alarm	0.21268	0.80713	0.33025
album	0.65522	0.51915	0.50066
alcohol	0.62351	0.61955	0.56143
alcoholic	0.21004	0.58653	0.42272
alcove	0.53765	0.38838	0.48613
alert	0.6539	0.73976	0.62219
alien	0.57464	0.55482	0.44782
alimony	0.35667	0.40291	0.4465
alive	0.7926	0.56143	0.679
allege	0.41215	0.3461	0.46499
allergy	0.24042	0.44782	0.25892
alley	0.42668	0.48349	0.36328
alone	0.15324	0.47292	0.32365
aloof	0.48217	0.40026	0.45443
alter	0.59577	0.48613	0.62219
amaze	0.83487	0.74637	0.57067
ambition	0.76486	0.57596	0.75033
ambitious	0.84148	0.70277	0.75033
ambulance	0.16116	0.80317	0.26024
ambush	0.36724	0.65786	0.36328
amuse	0.83487	0.62351	0.61823
amusement	0.88639	0.65654	0.59313
anarchy	0.30779	0.55878	0.31704
ancestor	0.59181	0.39894	0.47292
angel	0.82959	0.47292	0.49141
anger	0.14399	0.8428	0.56143
angry	0.21136	0.78203	0.56803
anguished	0.11493	0.53897	0.29062
animal	0.69089	0.56803	0.62748
ankle	0.53104	0.38441	0.46499
annoy	0.22589	0.56407	0.4214
annoy	0.19683	0.69221	0.50727
annoyance	0.22721	0.51915	0.39102
answer	0.7107	0.54954	0.60766
antique	0.5469	0.3712	0.52048
anus	0.43197	0.40026	0.55878
anxiety	0.20079	0.72259	0.19419
anxious	0.47028	0.74901	0.53897
apartment	0.73316	0.46235	0.71598
apathy	0.40291	0.36328	0.40687
apology	0.49538	0.51915	0.53633
appall	0.31176	0.69353	0.44386
applause	0.82563	0.60106	0.69089
apple	0.68164	0.38573	0.60898
appliance	0.50859	0.36988	0.50198
application	0.45443	0.57728	0.35007
appreciative	0.81638	0.59181	0.61427
apprehension	0.23514	0.5852	0.24571
arch	0.54425	0.41215	0.50462
area	0.55482	0.33686	0.52576
arena	0.68032	0.68428	0.50859
argue	0.20872	0.63672	0.45575
arm	0.54029	0.30911	0.50462
army	0.45839	0.49934	0.49934
aroma	0.78203	0.52048	0.56143
arouse	0.82299	0.75561	0.64069
aroused	0.88771	0.7107	0.64597
arrogant	0.32232	0.58124	0.51387
arrow	0.51783	0.54425	0.4782
arson	0.17834	0.7041	0.29194
art	0.71731	0.47688	0.53501
artist	0.70542	0.48745	0.61559
ash	0.36856	0.41744	0.48085
asphalt	0.51123	0.33289	0.52048
aspire	0.78732	0.60502	0.75958
ass	0.63937	0.62748	0.5033
assassin	0.24306	0.66446	0.40687
assault	0.10304	0.82695	0.35535
assume	0.45443	0.49141	0.39498
assure	0.76486	0.43197	0.65654
astonished	0.70145	0.7041	0.51651
astronaut	0.71466	0.53236	0.5218
athlete	0.79128	0.69353	0.71598
athletics	0.70806	0.64069	0.64333
atlas	0.56539	0.43329	0.54425
atom	0.45971	0.36328	0.40687
attack	0.19155	0.76354	0.27081
attain	0.71995	0.56539	0.63144
attend	0.66711	0.46103	0.54161
aunt	0.679	0.49009	0.5469
auto	0.66579	0.48085	0.52048
autumn	0.66711	0.43065	0.51519
avalanche	0.26948	0.56671	0.31176
avenge	0.44386	0.61295	0.67107
avenue	0.56143	0.37913	0.54822
avert	0.51783	0.45971	0.45178
avoid	0.31308	0.50066	0.39762
await	0.44782	0.43461	0.33025
awaken	0.54029	0.49538	0.50727
award	0.9498	0.78864	0.79392
awe	0.69089	0.56143	0.42008
awed	0.71995	0.59313	0.53501
awful	0.18626	0.59049	0.35931
awkward	0.2576	0.58785	0.23514
awning	0.50859	0.35931	0.51783
baby	0.92074	0.56539	0.49538
backyard	0.7424	0.4782	0.59709
bacon	0.71995	0.5786	0.60238
bad	0.17305	0.56407	0.34214
badge	0.54425	0.44254	0.48217
baffle	0.36856	0.55878	0.31968
bake	0.64993	0.50859	0.56011
balcony	0.59709	0.44254	0.4465
bald	0.33421	0.39762	0.4214
ballet	0.57596	0.36328	0.60634
balloons	0.75561	0.48217	0.56539
ban	0.29458	0.57728	0.35007
banana	0.70806	0.48613	0.57596
band	0.70013	0.58256	0.54029
bandage	0.43461	0.35007	0.43197
banish	0.15984	0.5852	0.25892
bankrupt	0.09908	0.65522	0.26684
banner	0.54822	0.34082	0.46896
bar	0.68296	0.49538	0.55746
bargain	0.79657	0.61955	0.68956
bark	0.4531	0.63672	0.47556
barn	0.55878	0.39894	0.59181
barrel	0.50198	0.27873	0.48085
basement	0.45178	0.45971	0.44254
basin	0.48613	0.34082	0.42536
basis	0.47028	0.34082	0.54425
basket	0.55482	0.3144	0.59577
basketball	0.64597	0.61955	0.52048
bastard	0.27873	0.63672	0.38573
batch	0.65125	0.4465	0.58388
bath	0.80317	0.38441	0.68164
bathe	0.80845	0.4465	0.61823
bathroom	0.56803	0.34742	0.58124
bathtub	0.71863	0.41083	0.59577
baton	0.51651	0.41347	0.52444
battleship	0.48613	0.60766	0.34875
bawl	0.28534	0.49538	0.35931
beach	0.89564	0.56539	0.5535
beads	0.56671	0.37781	0.44386
bean	0.54161	0.35931	0.60106
bear	0.46631	0.69617	0.33421
beard	0.6037	0.40291	0.61295
beast	0.39366	0.57067	0.48085
beautiful	0.83884	0.64993	0.66579
beauty	0.8679	0.48877	0.56539
bed	0.82695	0.31176	0.74373
bedspread	0.57464	0.39102	0.61427
beer	0.62219	0.54293	0.51915
bees	0.2576	0.69485	0.38441
beet	0.40687	0.36724	0.49934
beg	0.19815	0.49538	0.27081
beggar	0.26024	0.48349	0.37517
beginning	0.6539	0.4782	0.64069
behave	0.56143	0.35403	0.43725
belief	0.70806	0.58785	0.60766
bell	0.54557	0.42272	0.50859
belly	0.49009	0.40687	0.49009
belong	0.68824	0.57992	0.59445
bench	0.44386	0.30911	0.4531
benefit	0.70542	0.51387	0.63144
berate	0.30119	0.55746	0.34082
bereavement	0.43857	0.3897	0.40687
betray	0.0568	0.79128	0.48481
beverage	0.73712	0.52312	0.5786
beware	0.29987	0.67768	0.32232
bib	0.57067	0.41215	0.46499
bible	0.62351	0.43857	0.42536
bicker	0.25892	0.54293	0.44386
bicyclist	0.54822	0.48613	0.51255
bikini	0.68956	0.66314	0.5218
binge	0.2642	0.48745	0.40026
binoculars	0.65125	0.4214	0.65258
bird	0.79524	0.25363	0.41876
birth	0.84412	0.7358	0.49009
birthday	0.87054	0.71731	0.61295
bitch	0.23118	0.67503	0.41083
black	0.5469	0.44386	0.51387
blackmail	0.22457	0.63144	0.30251
blade	0.40291	0.63672	0.4782
blame	0.20079	0.48613	0.29326
bland	0.37649	0.26948	0.47952
blanket	0.75165	0.28534	0.59445
blase	0.48085	0.35535	0.43857
blasphemy	0.33025	0.48613	0.46235
bleed	0.22721	0.57992	0.35403
bless	0.78468	0.36988	0.56407
blight	0.36724	0.45046	0.41612
blind	0.23778	0.4148	0.26816
bliss	0.75297	0.41744	0.64333
blister	0.21532	0.37649	0.36063
blob	0.52576	0.47028	0.58785
blond	0.68428	0.50462	0.59313
blonde	0.65125	0.47688	0.51387
blood	0.31572	0.62748	0.43461
bloody	0.21797	0.68164	0.35799
bloom	0.78732	0.49009	0.54293
blossom	0.79392	0.49934	0.56539
blouse	0.59445	0.42008	0.45707
blowdryer	0.53633	0.34214	0.54954
blubber	0.29987	0.43857	0.34478
blue	0.72787	0.40423	0.5786
blues	0.37781	0.29194	0.46235
blurt	0.42668	0.54293	0.46235
board	0.4716	0.27873	0.49273
boat	0.86394	0.53633	0.58256
body	0.56803	0.56407	0.54029
bold	0.73316	0.57464	0.71598
bolt	0.55086	0.59181	0.50594
bomb	0.11229	0.77939	0.43461
bone	0.49538	0.44518	0.47952
bonus	0.89168	0.73712	0.73712
book	0.59049	0.38573	0.53501
boom	0.50859	0.71598	0.44254
boost	0.67107	0.56407	0.51387
booth	0.5218	0.3897	0.52576
boots	0.62351	0.45178	0.59709
bored	0.22457	0.20872	0.37781
boring	0.28137	0.13738	0.38705
bothered	0.23118	0.64993	0.38573
bottle	0.64729	0.46764	0.46631
bounty	0.50594	0.57992	0.49009
bouquet	0.76222	0.55614	0.64729
bowl	0.53897	0.29326	0.45443
boxer	0.56275	0.51123	0.50859
boy	0.66975	0.43989	0.54029
boyfriend	0.59313	0.59181	0.45178
bracelet	0.64993	0.50859	0.55746
braces	0.25363	0.52708	0.35007
brain	0.71995	0.56539	0.61823
brave	0.77939	0.64729	0.78864
break	0.44122	0.52576	0.52972
breast	0.69353	0.54425	0.5469
breath	0.63672	0.46499	0.62748
breathless	0.43461	0.60766	0.40423
breeze	0.73976	0.41215	0.56671
bribe	0.38177	0.62748	0.42668
brick	0.46764	0.42404	0.51387
bride	0.80449	0.56803	0.59313
bridge	0.52972	0.49934	0.4531
bright	0.82563	0.54822	0.67239
broken	0.23778	0.55218	0.38177
brood	0.43857	0.4465	0.52312
broom	0.47292	0.26156	0.52576
broth	0.52576	0.35403	0.53897
brother	0.77411	0.45707	0.51123
brow	0.53501	0.30647	0.51255
brownie	0.80317	0.64069	0.62351
bruise	0.28137	0.61823	0.43197
brutal	0.20476	0.70674	0.44122
bucket	0.50859	0.38573	0.54029
buffalo	0.63276	0.44122	0.40291
bug	0.32761	0.57067	0.42933
bugle	0.53104	0.45971	0.49934
building	0.53369	0.35271	0.5284
bulb	0.51783	0.39498	0.50859
bulge	0.29194	0.4716	0.40555
bullet	0.26948	0.53897	0.35007
bumble	0.47292	0.49934	0.46367
bunny	0.79128	0.3712	0.49141
burdened	0.16513	0.5786	0.49934
burglar	0.16777	0.70938	0.28534
burial	0.10568	0.50594	0.30383
burn	0.19551	0.65654	0.39234
bury	0.321	0.5852	0.38441
bus	0.43065	0.30383	0.47424
bustle	0.55218	0.60106	0.48613
busy	0.38838	0.43989	0.45443
busybody	0.51783	0.47424	0.55482
butler	0.61823	0.45575	0.55878
butt	0.68956	0.58785	0.62351
butter	0.53897	0.25363	0.45178
butterfly	0.78203	0.29326	0.44914
button	0.52312	0.3395	0.5852
cab	0.43329	0.35931	0.39894
cabinet	0.50198	0.28798	0.45971
cake	0.79392	0.49538	0.51651
calender	0.55086	0.34214	0.48877
calf	0.5469	0.37781	0.63408
calm	0.72391	0.31044	0.67635
camel	0.57728	0.40819	0.50727
campus	0.63672	0.46764	0.49934
cancel	0.29194	0.40423	0.37384
cancer	0.03303	0.68296	0.28666
candlestick	0.55218	0.39894	0.49538
candy	0.69881	0.43989	0.53897
cane	0.36328	0.3897	0.39894
cannon	0.48217	0.45707	0.51783
canoe	0.66579	0.46764	0.60898
canyon	0.59577	0.53369	0.33554
capability	0.75958	0.55218	0.67503
capable	0.78071	0.50594	0.68956
cape	0.67107	0.49934	0.63672
car	0.85601	0.65918	0.75694
carcass	0.27609	0.47292	0.48217
card	0.57596	0.42008	0.57067
care	0.82959	0.63144	0.67635
carefree	0.83091	0.38573	0.59841
caress	0.87054	0.51387	0.60502
caring	0.73844	0.41347	0.59841
carnival	0.72919	0.6539	0.57464
carpet	0.51783	0.31836	0.51387
carrot	0.55218	0.35007	0.61295
cartoon	0.75165	0.56407	0.59709
carve	0.50594	0.45839	0.47952
carwash	0.62748	0.45178	0.55218
cash	0.94055	0.80845	0.75429
casino	0.73448	0.69485	0.51123
cast	0.42404	0.42933	0.50594
castle	0.81638	0.64465	0.68428
castrate	0.12021	0.59445	0.19815
cat	0.59049	0.41347	0.64861
cattle	0.56143	0.3897	0.57067
cave	0.46631	0.5535	0.4214
cavern	0.57728	0.53236	0.53236
cavity	0.17701	0.64597	0.29723
cavort	0.50859	0.47688	0.49141
cease	0.42668	0.3963	0.44782
ceiling	0.55482	0.36856	0.51915
cell	0.3395	0.37384	0.37913
cellar	0.40555	0.4148	0.45046
cemetery	0.1823	0.4716	0.39894
cereal	0.80581	0.50594	0.66446
chair	0.50594	0.25099	0.43725
chalk	0.48085	0.29458	0.45575
challenge	0.68428	0.68428	0.63672
champ	0.78336	0.62748	0.72919
champagne	0.75958	0.61823	0.55218
champion	0.9498	0.60766	0.69353
chance	0.63012	0.54557	0.44782
change	0.52708	0.5284	0.46764
chaos	0.38573	0.71598	0.34478
character	0.6103	0.51783	0.59709
charm	0.72919	0.51651	0.57067
chase	0.50462	0.69353	0.44782
checkerboard	0.60106	0.39102	0.50462
cheer	0.90489	0.64333	0.62748
cheerful	0.90489	0.67503	0.73184
cheerleader	0.69089	0.58388	0.60238
cheese	0.67107	0.5218	0.49141
cheeseburger	0.84016	0.62748	0.68824
chef	0.79392	0.58388	0.67107
chess	0.55878	0.37252	0.49538
chest	0.66182	0.5535	0.5535
chicken	0.7424	0.50859	0.60502
child	0.77015	0.56803	0.50859
chimney	0.59049	0.29194	0.51123
chin	0.53369	0.27213	0.52972
chocolate	0.74373	0.53369	0.51915
choice	0.75165	0.52576	0.80317
choir	0.68164	0.42933	0.56143
choke	0.14927	0.67239	0.21929
chore	0.19683	0.29987	0.26552
christmas	0.86526	0.66314	0.54425
church	0.66446	0.40819	0.49538
cider	0.63144	0.37649	0.55878
cigar	0.44386	0.38177	0.51915
cigarette	0.15984	0.54161	0.43461
cinema	0.87318	0.65125	0.64597
circle	0.58388	0.34478	0.49934
circus	0.79921	0.62351	0.5469
city	0.63144	0.52708	0.59313
clan	0.48613	0.49538	0.50066
clarinet	0.58785	0.42536	0.55218
class	0.41215	0.35403	0.46896
clause	0.48613	0.3897	0.41612
claw	0.39366	0.47028	0.45443
clay	0.53897	0.34082	0.56143
clean	0.78996	0.46896	0.74637
cleavage	0.67107	0.56539	0.63144
cleft	0.38045	0.35403	0.45178
clench	0.42008	0.5786	0.41215
cliff	0.45178	0.6605	0.40951
cliffdiver	0.60106	0.61823	0.5218
climax	0.75033	0.78336	0.60898
cling	0.43197	0.39366	0.46499
clinic	0.45839	0.47028	0.38838
clock	0.51387	0.36592	0.45178
closet	0.52312	0.43857	0.6037
clot	0.24835	0.45575	0.31836
cloth	0.53104	0.30383	0.51387
clothe	0.62351	0.44254	0.60106
clothes	0.71466	0.60898	0.69617
clothing	0.69881	0.46631	0.53897
clouds	0.65125	0.27081	0.52444
clown	0.5469	0.55218	0.47688
clue	0.57067	0.56407	0.49934
clumsy	0.36328	0.51915	0.34478
coach	0.65522	0.57332	0.47292
coarse	0.43593	0.39102	0.49538
coast	0.62483	0.44122	0.58388
coax	0.46367	0.47292	0.51783
cocaine	0.28005	0.48613	0.45575
cockpit	0.66843	0.56539	0.46631
cockroach	0.20608	0.64201	0.46103
cocoa	0.79657	0.56671	0.63276
cod	0.48877	0.36988	0.51255
coddle	0.47028	0.42008	0.50462
coffin	0.17305	0.49934	0.37384
cognition	0.57067	0.44122	0.56935
coin	0.63012	0.40159	0.58256
cold	0.36592	0.52048	0.45443
colony	0.53236	0.47688	0.57067
color	0.76222	0.45971	0.64993
column	0.51783	0.31308	0.47028
comedy	0.94055	0.60766	0.5535
comet	0.65786	0.62351	0.40291
comfort	0.76882	0.35403	0.58785
comfortable	0.90092	0.30911	0.71995
command	0.43857	0.57992	0.3963
communism	0.20476	0.56803	0.24042
compel	0.49141	0.55218	0.56539
competent	0.76882	0.54029	0.72259
complete	0.91413	0.59445	0.80713
complex	0.5284	0.57728	0.54029
compulsive	0.38177	0.58785	0.36856
computer	0.65918	0.46235	0.53369
concentrate	0.5218	0.44914	0.49141
concerned	0.3712	0.56803	0.42272
concert	0.84676	0.80185	0.58917
concrete	0.53765	0.36724	0.59709
condom	0.66711	0.68428	0.66711
confident	0.88904	0.65654	0.84941
confused	0.25892	0.63144	0.39498
confusion	0.29194	0.63672	0.23646
conquer	0.74108	0.73184	0.7926
conquest	0.60766	0.69353	0.59181
consoled	0.59841	0.43329	0.4214
constructive	0.64465	0.51255	0.60502
contempt	0.34346	0.53236	0.51255
contents	0.48085	0.40555	0.47556
context	0.5218	0.39234	0.51783
continuation	0.58785	0.48613	0.51255
control	0.68824	0.61823	0.73184
controlling	0.33686	0.64069	0.51783
convey	0.57596	0.44782	0.59445
cook	0.64861	0.4214	0.51387
cookie	0.83884	0.55218	0.64993
cookout	0.80053	0.64597	0.62351
cool	0.73712	0.38573	0.62351
cope	0.44254	0.45046	0.46367
copper	0.54161	0.31176	0.53369
cord	0.50859	0.30251	0.49538
core	0.46896	0.38705	0.56143
cork	0.52444	0.33686	0.49273
corn	0.62748	0.43857	0.58917
corner	0.41083	0.35139	0.37913
corpse	0.12285	0.46103	0.30911
corridor	0.47952	0.3144	0.49538
corrupt	0.27345	0.45178	0.44782
costume	0.80449	0.62748	0.74108
cottage	0.68692	0.28269	0.5469
couch	0.73052	0.36724	0.60502
counselor	0.4531	0.43461	0.37252
country	0.61823	0.52972	0.62219
couple	0.81374	0.679	0.63012
coupon	0.68428	0.50859	0.60502
court	0.2893	0.58388	0.30515
courtyard	0.59445	0.36328	0.53501
cousin	0.66975	0.4782	0.51255
cow	0.57067	0.2959	0.53765
coward	0.19683	0.37252	0.20872
cowboy	0.69089	0.59445	0.58917
coyote	0.47688	0.52048	0.35403
cozy	0.8111	0.27345	0.48085
crab	0.53236	0.45839	0.55482
crackers	0.60106	0.42536	0.56143
craft	0.69881	0.45575	0.53897
cram	0.25231	0.68032	0.35931
cranky	0.21797	0.54293	0.4148
crash	0.14003	0.75297	0.2893
crave	0.47952	0.64465	0.35931
crazy	0.61823	0.66446	0.51255
create	0.73184	0.59445	0.61295
creek	0.70013	0.44518	0.51783
crime	0.21664	0.54954	0.37913
criminal	0.22193	0.46764	0.27609
cripple	0.21664	0.51387	0.31572
crisis	0.19683	0.5535	0.31044
critic	0.23646	0.58388	0.26552
criticism	0.19815	0.65125	0.24571
critique	0.4148	0.54425	0.37252
crocodile	0.49538	0.63144	0.38573
crossword	0.5535	0.35799	0.54425
crowd	0.48613	0.53501	0.3461
crown	0.7041	0.40026	0.6354
crucify	0.12946	0.68956	0.32893
crude	0.24703	0.50462	0.39894
cruel	0.09511	0.5852	0.39498
cruise	0.78203	0.60502	0.5786
cruiseship	0.84676	0.72787	0.53633
crumbs	0.39894	0.42933	0.53633
crunch	0.60502	0.54425	0.57067
crush	0.61427	0.71995	0.42536
crushed	0.12682	0.56407	0.27873
crutch	0.28798	0.38177	0.35139
cuddle	0.85469	0.41612	0.60766
cuisine	0.71202	0.4148	0.54954
cult	0.16248	0.64729	0.2893
culture	0.61427	0.48217	0.57067
cup	0.5535	0.32365	0.5786
cupboard	0.46764	0.34082	0.48217
cupcake	0.786	0.61823	0.58388
cure	0.91546	0.70277	0.63276
curious	0.63804	0.6037	0.55086
curtains	0.47292	0.31968	0.50198
curve	0.56671	0.50462	0.52048
custom	0.60766	0.45046	0.49538
cut	0.31572	0.49538	0.45575
cute	0.84148	0.56539	0.47688
cyclone	0.31044	0.67503	0.48085
dagger	0.28137	0.64597	0.43197
daisy	0.82299	0.35799	0.53897
damage	0.23778	0.57067	0.34742
damn	0.43197	0.55218	0.51915
damp	0.321	0.37252	0.4214
dance	0.80978	0.72127	0.63276
dancer	0.77807	0.62748	0.63012
danger	0.22457	0.80185	0.30911
dare	0.59577	0.70277	0.49538
dark	0.45707	0.40026	0.47424
daughter	0.67503	0.50991	0.5852
dawn	0.64861	0.4148	0.51651
day	0.71466	0.49538	0.61162
daylight	0.73316	0.46499	0.55878
daze	0.50066	0.36328	0.44122
dazzle	0.79789	0.67107	0.57728
dead	0.09115	0.59181	0.21004
deadly	0.19551	0.70938	0.29194
death	0.04756	0.44122	0.29326
debt	0.12814	0.5852	0.23382
decapitate	0.15852	0.68164	0.26816
decay	0.1889	0.4214	0.3144
deceit	0.21797	0.5852	0.35667
decency	0.60502	0.42933	0.58785
decompose	0.2576	0.44914	0.36592
decorate	0.75033	0.51387	0.63408
deed	0.60766	0.51519	0.59181
defeat	0.22721	0.5786	0.31044
defeated	0.14399	0.50727	0.24571
defecate	0.27477	0.51387	0.46499
defend	0.63672	0.62351	0.66314
defer	0.37649	0.42668	0.46367
defiant	0.39762	0.64069	0.59709
deformed	0.15324	0.37252	0.35667
defy	0.54822	0.5786	0.62748
delayed	0.24042	0.57728	0.31572
delight	0.82299	0.71731	0.5852
delight	0.92602	0.5535	0.59974
delude	0.45707	0.37649	0.5218
demand	0.33157	0.59445	0.47688
democracy	0.70013	0.5469	0.63276
demon	0.11361	0.72787	0.48085
den	0.59049	0.29723	0.64993
denial	0.26816	0.63144	0.3712
denote	0.4465	0.41612	0.47292
dent	0.22193	0.58653	0.36724
dentist	0.36592	0.59181	0.33686
deny	0.33554	0.47688	0.41083
depart	0.3144	0.41215	0.3144
depressed	0.07662	0.45839	0.19683
depression	0.07926	0.43461	0.21929
derelict	0.40026	0.37649	0.46631
descent	0.49538	0.43989	0.47292
desert	0.49009	0.4716	0.49538
deserter	0.15852	0.56143	0.33289
desire	0.85073	0.80581	0.69221
desk	0.45046	0.36724	0.56803
despairing	0.15588	0.5852	0.28798
despise	0.10304	0.66446	0.45839
destroy	0.18362	0.73712	0.48745
destruction	0.25231	0.6037	0.35403
detach	0.25627	0.38838	0.35403
detached	0.34478	0.39762	0.3144
detail	0.56803	0.37649	0.52312
detain	0.23514	0.56407	0.30779
detest	0.12153	0.6354	0.60502
devil	0.12682	0.63672	0.54161
devote	0.66975	0.54425	0.65258
devoted	0.81374	0.52576	0.65125
devour	0.57728	0.5469	0.49538
dew	0.57332	0.31572	0.50859
diamond	0.88111	0.56539	0.56671
diary	0.59181	0.32232	0.67768
dice	0.59049	0.49009	0.44782
die	0.16248	0.67768	0.17173
difficult	0.22193	0.62219	0.38838
dignified	0.77279	0.37913	0.64333
dinner	0.78071	0.55218	0.64069
diploma	0.89168	0.58388	0.72787
dirt	0.38573	0.33157	0.47292
dirty	0.24174	0.47952	0.45575
disability	0.16777	0.42404	0.15588
disappoint	0.15059	0.48481	0.26948
disappointed	0.12682	0.4716	0.24571
disappointment	0.14795	0.44254	0.2576
disaster	0.06341	0.67107	0.29987
discomfort	0.12417	0.38573	0.34478
discount	0.82299	0.64069	0.61955
discouraged	0.23118	0.43329	0.31176
disdainful	0.321	0.50066	0.43593
disease	0.10304	0.53765	0.19287
disgusted	0.15852	0.55086	0.40819
disgusting	0.22589	0.51915	0.31572
dishes	0.31308	0.3712	0.47424
disk	0.5284	0.34478	0.57992
disloyal	0.08983	0.70145	0.33554
disorder	0.19419	0.55086	0.19287
displeased	0.20343	0.57992	0.38838
distracted	0.42668	0.43725	0.37252
distress	0.18758	0.58785	0.23514
distressed	0.09115	0.68032	0.33157
disturb	0.31836	0.60106	0.43593
diver	0.68692	0.50066	0.50066
divert	0.4214	0.52444	0.48085
divorce	0.12814	0.67107	0.26552
doctor	0.5218	0.60898	0.48085
dog	0.83487	0.59577	0.6605
doll	0.63937	0.39498	0.44386
dollar	0.82166	0.63672	0.67107
donate	0.74505	0.42668	0.71995
donkey	0.56671	0.39234	0.58388
donor	0.68428	0.50991	0.63672
door	0.51255	0.33686	0.45443
doubt	0.28798	0.42933	0.31572
doubtful	0.28534	0.40026	0.33157
dough	0.63937	0.44122	0.58653
dove	0.74637	0.33554	0.55878
dragon	0.55218	0.56143	0.4148
drama	0.34478	0.679	0.53765
dreadful	0.13342	0.60634	0.37649
dream	0.72391	0.43329	0.56539
dreams	0.77807	0.69089	0.54557
dreary	0.23778	0.22853	0.33818
dress	0.68164	0.36988	0.49538
drill	0.41612	0.54822	0.46896
driver	0.64465	0.4782	0.67371
droop	0.25892	0.28269	0.35799
drown	0.1255	0.73844	0.1889
drown	0.08851	0.70277	0.21268
drugs	0.33157	0.62748	0.46235
drunk	0.64993	0.64201	0.43461
dryer	0.49934	0.33554	0.56143
ducks	0.6539	0.40819	0.52708
duct	0.47688	0.38573	0.51783
duet	0.66314	0.55218	0.53104
dumb	0.23118	0.39498	0.32232
dummy	0.28137	0.40951	0.31968
dump	0.25892	0.37913	0.34082
dune	0.49934	0.38573	0.50859
dusk	0.54822	0.41215	0.46499
dust	0.35007	0.37649	0.42933
dustpan	0.36063	0.28798	0.55482
duty	0.60238	0.5033	0.52048
dwarf	0.50991	0.40555	0.51387
dwell	0.4782	0.36328	0.54161
eager	0.80185	0.70277	0.51387
eagerness	0.65522	0.66579	0.5469
eagle	0.63144	0.46367	0.46764
earth	0.77939	0.39498	0.57596
ease	0.75033	0.29194	0.72127
easel	0.54954	0.42008	0.55218
easy	0.77279	0.42668	0.75958
easygoing	0.786	0.40291	0.5284
eat	0.82166	0.58653	0.57464
echo	0.64993	0.50462	0.51783
ecstasy	0.88904	0.80978	0.71731
ecstatic	0.94584	0.85337	0.64597
education	0.71863	0.59313	0.64729
effective	0.7675	0.49934	0.64465
efficient	0.76882	0.57067	0.68428
egg	0.53369	0.33157	0.42801
ego	0.50462	0.45046	0.71466
ejaculate	0.61691	0.70938	0.58124
elated	0.81902	0.65522	0.56539
elbow	0.51123	0.33818	0.47952
elderly	0.47688	0.36724	0.34082
elegant	0.81638	0.43329	0.62087
elephant	0.69089	0.57332	0.45575
elevator	0.5535	0.38441	0.40555
embark	0.68956	0.60502	0.64993
embarrass	0.16513	0.64597	0.20211
embarrassed	0.23514	0.6103	0.214
embarrassment	0.14399	0.69881	0.19287
embattled	0.4148	0.54293	0.47028
emotional	0.41083	0.59445	0.40159
empathy	0.53765	0.47028	0.40687
empire	0.66182	0.58124	0.66579
employment	0.68956	0.53236	0.59181
enable	0.61823	0.50859	0.61427
encourage	0.79524	0.56803	0.69089
end	0.2893	0.4214	0.41744
endure	0.56143	0.56935	0.61559
energy	0.78996	0.74637	0.75033
enforcement	0.38573	0.59181	0.39894
engage	0.66843	0.62219	0.52576
engaged	0.89168	0.72919	0.69221
engine	0.5218	0.36063	0.49538
engulf	0.46103	0.48613	0.41215
enjoy	0.91413	0.67107	0.68032
enjoyment	0.86526	0.5218	0.68824
enlist	0.36724	0.55746	0.41744
ennui	0.50727	0.41612	0.45178
enraged	0.15984	0.88771	0.67107
enthusiastic	0.91413	0.80978	0.72655
entry	0.58653	0.45839	0.60238
envious	0.30647	0.57067	0.43461
envy	0.28534	0.56143	0.37913
enzyme	0.48217	0.40819	0.38573
erase	0.38573	0.37649	0.4782
erasure	0.47424	0.4214	0.51123
erect	0.66182	0.68032	0.6103
erode	0.31968	0.51783	0.35931
erotic	0.81638	0.79128	0.679
err	0.38441	0.47952	0.40423
errand	0.43989	0.34346	0.46631
erupt	0.55218	0.70277	0.33686
essence	0.72655	0.51915	0.57596
estate	0.70542	0.47688	0.58256
evade	0.42536	0.57464	0.56539
event	0.65522	0.50859	0.56407
evict	0.23646	0.5852	0.22061
evil	0.26156	0.679	0.5284
exalt	0.7424	0.62748	0.59577
exam	0.19947	0.76354	0.27609
exasperation	0.38705	0.57992	0.43857
excel	0.81902	0.55482	0.75958
excellence	0.94188	0.56671	0.79657
excite	0.83884	0.78071	0.64861
excitement	0.82563	0.84808	0.65125
excrement	0.37649	0.47292	0.43329
excuse	0.36988	0.42668	0.37252
execution	0.14795	0.58917	0.37781
exercise	0.77675	0.73844	0.5852
exert	0.54161	0.52048	0.63276
exhale	0.61823	0.38309	0.62219
exhaust	0.36328	0.39894	0.42008
exhilaration	0.81638	0.786	0.71598
exist	0.71731	0.5469	0.46764
expel	0.20079	0.61427	0.26948
expensive	0.44122	0.63276	0.43857
expert	0.68032	0.51783	0.65786
expire	0.24835	0.44254	0.3461
explosion	0.51915	0.88243	0.42404
extent	0.5218	0.34082	0.49538
extreme	0.679	0.77411	0.58917
eye	0.60898	0.43197	0.50462
fabric	0.53501	0.38177	0.49934
face	0.679	0.50066	0.58388
fact	0.56803	0.40159	0.57067
factory	0.44122	0.35403	0.48613
fad	0.50594	0.42404	0.38309
fail	0.07133	0.66843	0.27213
failure	0.05945	0.48877	0.15192
fair	0.71598	0.54822	0.59709
fairy	0.65918	0.3963	0.55218
faith	0.70277	0.59181	0.57464
fake	0.24439	0.52972	0.43989
falcon	0.59974	0.51387	0.52312
fall	0.37517	0.45575	0.36328
false	0.32893	0.41612	0.3897
false	0.26684	0.28798	0.37649
falter	0.33289	0.49538	0.36328
fame	0.88243	0.70013	0.73976
family	0.84544	0.46896	0.62748
famine	0.08058	0.50066	0.16248
famous	0.75694	0.59181	0.66975
fan	0.67503	0.48085	0.53897
fantasy	0.81374	0.51387	0.68428
farm	0.56539	0.35007	0.57332
farmer	0.48613	0.30383	0.56143
fascinate	0.80449	0.60502	0.64729
fashion	0.76486	0.62748	0.62748
fat	0.13606	0.47028	0.42536
fate	0.55218	0.54293	0.37252
father	0.77015	0.61691	0.5786
fatigued	0.26816	0.18362	0.33421
fault	0.28798	0.37252	0.36592
favor	0.68824	0.43461	0.58388
fawn	0.6354	0.32629	0.47424
fear	0.19947	0.75429	0.26024
fearful	0.1321	0.67107	0.31572
feat	0.57728	0.50859	0.56803
feeble	0.26552	0.37649	0.19287
feeling	0.65786	0.49538	0.57728
feet	0.44254	0.31968	0.57464
female	0.86922	0.60502	0.57067
fence	0.48613	0.32629	0.49141
fender	0.42668	0.47688	0.49141
fern	0.50859	0.34082	0.53501
fervor	0.49538	0.47028	0.4214
festive	0.79921	0.7041	0.59709
fetus	0.52312	0.49141	0.49141
feud	0.24042	0.64597	0.38045
fever	0.19947	0.40159	0.29987
field	0.6539	0.37384	0.60634
fig	0.5786	0.3461	0.4782
fight	0.33157	0.77939	0.53104
film	0.75033	0.53765	0.51387
filth	0.16116	0.51123	0.33818
financial	0.38309	0.58785	0.33818
finger	0.53369	0.33421	0.50198
fingerprint	0.4782	0.45178	0.42933
finish	0.86526	0.54425	0.75033
fire	0.26024	0.78203	0.42801
firefighter	0.74637	0.61823	0.5852
fireplace	0.75033	0.42668	0.58653
fireworks	0.83223	0.71598	0.56275
first	0.74505	0.64597	0.78732
fish	0.63276	0.36328	0.63012
fisherman	0.61955	0.49141	0.55614
fitting	0.57464	0.42933	0.53897
flabby	0.18626	0.4716	0.27213
flag	0.63012	0.44254	0.56143
flare	0.58785	0.52576	0.48613
flaunt	0.50066	0.58785	0.52444
flaw	0.26816	0.45046	0.29062
flea	0.29326	0.52576	0.38045
flee	0.26948	0.65125	0.33554
flight	0.71863	0.6605	0.47028
flirt	0.82827	0.74769	0.65918
flock	0.56143	0.42933	0.46896
flood	0.25627	0.62748	0.26288
flow	0.59709	0.31044	0.55218
flower	0.71202	0.36328	0.49273
flu	0.16777	0.47292	0.18758
fluffy	0.78203	0.43857	0.55218
flute	0.59049	0.3963	0.51123
fly	0.79789	0.71202	0.51915
foam	0.63672	0.52972	0.52708
foe	0.28269	0.62748	0.5284
folly	0.41612	0.40291	0.40291
food	0.84544	0.61691	0.65125
foolish	0.30251	0.42404	0.37913
foot	0.49802	0.26684	0.49273
football	0.84412	0.69881	0.65522
forbid	0.24835	0.55746	0.30647
forceful	0.34214	0.59049	0.40423
forest	0.679	0.47688	0.50991
forget	0.22721	0.49538	0.30383
forgive	0.67107	0.48085	0.48613
fork	0.53369	0.35799	0.59313
fornicate	0.56539	0.70674	0.60106
foul	0.20608	0.48613	0.43065
fragrance	0.63672	0.46764	0.51387
fraud	0.18758	0.59445	0.30779
free	0.92602	0.51519	0.67371
freedom	0.8362	0.56407	0.72787
freeway	0.63672	0.6103	0.56143
freezer	0.49009	0.40291	0.47556
frenzy	0.49141	0.74108	0.41744
friend	0.85733	0.59313	0.72523
friendly	0.94848	0.50991	0.61691
fries	0.73448	0.49141	0.62351
fright	0.25627	0.59709	0.37913
frightened	0.17701	0.74637	0.25892
frigid	0.29723	0.46235	0.39894
frog	0.58917	0.43461	0.54029
frolic	0.71202	0.50066	0.53369
frosting	0.78996	0.55746	0.56539
frown	0.0819	0.39894	0.32365
fruit	0.75033	0.4465	0.58388
frustrated	0.16248	0.57596	0.29723
frustration	0.15456	0.65258	0.31308
fulfilled	0.79524	0.50859	0.74108
fun	0.94055	0.78864	0.73316
funeral	0.01849	0.48745	0.22721
fungus	0.2391	0.4531	0.3712
funny	0.96565	0.75958	0.64729
fur	0.43065	0.38705	0.40555
furious	0.09379	0.84412	0.53765
furnace	0.47028	0.47028	0.49141
furniture	0.61823	0.38573	0.56407
fury	0.24439	0.7358	0.40159
fuse	0.55482	0.49141	0.56407
future	0.72127	0.69089	0.48085
gadget	0.62351	0.49009	0.58917
gaiety	0.62748	0.49009	0.53765
gain	0.78203	0.5786	0.67635
galaxy	0.65522	0.62219	0.40159
gallery	0.63144	0.37252	0.45971
gallon	0.49934	0.4465	0.47292
game	0.75694	0.61295	0.58785
gang	0.17701	0.69617	0.27477
gangrene	0.13606	0.58785	0.27873
garbage	0.22853	0.50066	0.39498
garden	0.72127	0.4148	0.63012
garlic	0.54557	0.42272	0.54029
garment	0.63672	0.42801	0.53501
garter	0.65654	0.55746	0.6037
gas	0.42008	0.5218	0.44254
gate	0.56407	0.43197	0.45971
gem	0.71334	0.58917	0.54161
gender	0.59181	0.41347	0.57464
genius	0.8111	0.64201	0.679
gentle	0.80053	0.25892	0.50859
germ	0.27741	0.57728	0.43989
germs	0.21268	0.42801	0.33554
ghost	0.41876	0.65258	0.30383
gift	0.86129	0.64597	0.56407
giggle	0.8996	0.6605	0.66843
giraffe	0.71202	0.49538	0.50066
girl	0.7424	0.40159	0.60106
give	0.77675	0.53897	0.66314
glacier	0.56143	0.39498	0.48481
glad	0.86129	0.58785	0.69749
glamour	0.72787	0.4531	0.59577
glance	0.56539	0.50859	0.50462
gland	0.47292	0.38705	0.46764
glass	0.46235	0.39894	0.49538
glasses	0.61823	0.41083	0.53765
glaze	0.73316	0.50859	0.53501
glide	0.67768	0.4716	0.61295
gloat	0.40291	0.43197	0.54954
gloom	0.08322	0.34082	0.30383
glory	0.83223	0.63012	0.73976
gloss	0.62748	0.45707	0.48085
gnaw	0.32761	0.41612	0.43857
goal	0.77543	0.6856	0.69617
goat	0.52972	0.37252	0.55746
god	0.91149	0.62087	0.61162
gold	0.83091	0.59577	0.60766
golf	0.47292	0.35007	0.47292
golfer	0.57596	0.32761	0.56803
good	0.82166	0.55218	0.68164
goodness	0.81374	0.4782	0.66579
gorilla	0.56935	0.56407	0.38309
gossip	0.29458	0.59313	0.30647
govern	0.42933	0.43329	0.40687
government	0.40026	0.5284	0.31308
grace	0.75958	0.37913	0.57728
graduate	0.91678	0.7926	0.75165
grafitti	0.4716	0.53765	0.50991
grapes	0.70806	0.45178	0.54822
grass	0.64333	0.38177	0.5535
grateful	0.80845	0.43989	0.65125
grave	0.12285	0.46631	0.16777
gravy	0.62748	0.4465	0.55218
greed	0.29855	0.45707	0.47952
green	0.65125	0.40026	0.4716
greet	0.75958	0.53104	0.62087
grenade	0.31044	0.58785	0.40159
greyhound	0.55086	0.4148	0.47028
grief	0.05812	0.46631	0.29723
grieve	0.13474	0.57464	0.21797
grime	0.28005	0.36063	0.42536
grin	0.81242	0.53104	0.62748
grind	0.50594	0.53104	0.51123
gripe	0.24967	0.49538	0.45178
groceries	0.61427	0.33289	0.65786
groom	0.69749	0.52576	0.61427
gross	0.30647	0.4716	0.41083
ground	0.54293	0.38177	0.51387
grove	0.57464	0.42536	0.52576
grovel	0.29723	0.42404	0.36328
growl	0.37781	0.61823	0.56407
guaranteed	0.77807	0.48613	0.679
guillotine	0.16248	0.70145	0.44782
guilt	0.11757	0.54293	0.22589
guilty	0.1823	0.63276	0.24306
guitar	0.74108	0.6037	0.53369
gulf	0.61427	0.48613	0.55878
gun	0.29326	0.76222	0.30119
guzzle	0.46499	0.52576	0.46499
gym	0.65522	0.64597	0.61295
gymnast	0.67371	0.49802	0.53633
habit	0.37781	0.35667	0.40291
hair	0.56935	0.42668	0.54954
hairdryer	0.47424	0.32497	0.57067
hairpin	0.52972	0.26684	0.50198
ham	0.53633	0.37252	0.49009
hamburger	0.66314	0.43593	0.53765
hammer	0.47952	0.43989	0.46235
hand	0.62087	0.41612	0.54161
handicap	0.26948	0.33818	0.36328
handicapped	0.26156	0.43593	0.28402
hands	0.61823	0.52312	0.59313
handsome	0.88243	0.62087	0.52048
hang	0.40687	0.54822	0.40687
haphazard	0.36592	0.37252	0.40159
happiness	0.88639	0.70145	0.71995
happy	0.91942	0.69221	0.7107
harass	0.16248	0.57992	0.35403
harassment	0.15324	0.59445	0.25231
hard	0.52444	0.51123	0.57332
hardship	0.15852	0.46367	0.39234
harp	0.67635	0.41744	0.47688
harsh	0.22193	0.57464	0.47292
harvest	0.59313	0.41215	0.59577
haste	0.38309	0.50066	0.38838
hasten	0.48217	0.48217	0.45178
hat	0.55614	0.37649	0.5469
hate	0.11493	0.75297	0.50198
hatred	0.09643	0.71466	0.40291
haunt	0.29458	0.70674	0.32629
haven	0.75561	0.36328	0.54425
hawk	0.61162	0.4148	0.56143
hay	0.52708	0.35667	0.54425
head	0.7107	0.58785	0.63144
headache	0.10172	0.50462	0.31044
headlight	0.52708	0.33818	0.47952
heal	0.77147	0.46499	0.59974
health	0.73448	0.51255	0.60502
heart	0.8111	0.67239	0.56011
heat	0.40291	0.58785	0.38573
heaven	0.79921	0.57596	0.64729
heavy	0.32232	0.43989	0.37649
heir	0.70277	0.52444	0.59841
helium	0.53369	0.45707	0.47556
hell	0.13078	0.54557	0.26288
helpless	0.1255	0.54029	0.13474
hen	0.50859	0.33554	0.50859
herbal	0.61691	0.31308	0.53369
herd	0.49538	0.42933	0.45971
hero	0.83752	0.68164	0.61427
heroin	0.41083	0.50991	0.46896
herring	0.55218	0.41215	0.5218
hide	0.40555	0.53236	0.28402
high	0.70938	0.56935	0.54557
highway	0.61691	0.51651	0.58256
hiker	0.59974	0.49538	0.4531
hill	0.53765	0.33025	0.49538
hinder	0.33818	0.37913	0.39102
hippotamus	0.68164	0.41083	0.48613
hire	0.59709	0.5786	0.46896
history	0.52708	0.35403	0.47292
hit	0.40687	0.59181	0.47952
hitch	0.49934	0.3963	0.49538
hive	0.25495	0.6037	0.39102
hobby	0.79128	0.54293	0.79128
hockey	0.5469	0.49538	0.51915
holiday	0.83223	0.70542	0.66711
holy	0.67503	0.54293	0.4531
home	0.87979	0.39102	0.61427
homeless	0.107	0.44122	0.27213
honest	0.85205	0.53765	0.65918
honesty	0.87583	0.5284	0.74373
honey	0.72391	0.43065	0.5535
honor	0.84676	0.61427	0.71995
hooker	0.27609	0.48613	0.45971
hope	0.76618	0.5535	0.56407
hopeful	0.77279	0.59841	0.54954
horrible	0.13606	0.59445	0.23646
horror	0.19947	0.78732	0.4465
horse	0.61295	0.34875	0.45178
hose	0.5284	0.4716	0.54293
hospital	0.50066	0.62483	0.45443
hostage	0.1255	0.72787	0.20872
hostile	0.19551	0.6856	0.47556
hotel	0.62748	0.46896	0.51123
hour	0.50859	0.39102	0.3963
house	0.79392	0.43725	0.63804
howl	0.48217	0.53104	0.42008
hub	0.56407	0.36328	0.50462
hug	0.89168	0.54161	0.59974
huge	0.5469	0.59445	0.5852
humane	0.74505	0.42933	0.58785
humble	0.60898	0.32893	0.46367
humiliate	0.13078	0.64597	0.17834
humiliation	0.08587	0.75561	0.1255
humor	0.96565	0.56143	0.63804
hunger	0.19947	0.54293	0.35403
hungry	0.30779	0.51255	0.4531
hunter	0.48217	0.60898	0.58785
hurl	0.24703	0.54822	0.41083
hurricane	0.27609	0.73712	0.24042
hurt	0.08587	0.60766	0.27477
hydrant	0.49802	0.32497	0.56539
hymn	0.64465	0.40687	0.53501
hysterical	0.53369	0.80713	0.38705
ice	0.61691	0.45178	0.50066
icebox	0.48877	0.38573	0.50198
idea	0.75958	0.60898	0.66182
identity	0.70277	0.48877	0.68032
idiot	0.25231	0.39102	0.25495
idol	0.64333	0.48877	0.54425
ignite	0.64861	0.66314	0.6103
ignorance	0.24042	0.4148	0.41744
ignore	0.25099	0.45178	0.30515
illness	0.16248	0.45707	0.25892
imagine	0.80185	0.62483	0.76882
immature	0.28269	0.38309	0.47556
immoral	0.29723	0.49273	0.45046
impair	0.25495	0.36856	0.37517
impart	0.49141	0.34478	0.55482
impatient	0.3144	0.57067	0.39366
impede	0.38838	0.48217	0.35007
impose	0.31836	0.53236	0.42272
impotent	0.20608	0.43857	0.28798
impressed	0.80317	0.55086	0.56275
improve	0.84544	0.58653	0.63804
incentive	0.75958	0.58653	0.61823
incubator	0.38573	0.47688	0.38573
indict	0.40159	0.48613	0.41083
indifferent	0.44386	0.25495	0.47424
industry	0.53501	0.42536	0.48349
infant	0.75297	0.50198	0.58388
infatuated	0.59709	0.66314	0.46499
infatuation	0.72391	0.76222	0.48217
infect	0.15456	0.54557	0.28666
infection	0.05416	0.49934	0.31176
inferior	0.24042	0.34082	0.20211
infest	0.21136	0.52048	0.31308
inform	0.61691	0.43857	0.52972
ingest	0.49538	0.53104	0.49934
inhabitant	0.50198	0.35667	0.54425
inject	0.27609	0.56671	0.34875
injection	0.23514	0.70013	0.29458
injure	0.17173	0.56539	0.34478
injury	0.1638	0.58653	0.30647
ink	0.50198	0.34214	0.44386
innocence	0.69881	0.46764	0.59445
innocent	0.69485	0.39102	0.53236
insane	0.21136	0.60502	0.37913
insect	0.37252	0.37252	0.43725
insecure	0.14663	0.56935	0.14267
insist	0.44782	0.51915	0.48613
insolent	0.40951	0.54557	0.42933
inspire	0.75561	0.49538	0.67239
inspired	0.77939	0.63012	0.71598
instrument	0.71731	0.53765	0.58917
insult	0.13738	0.62748	0.31308
intellect	0.7358	0.46235	0.66711
intelligence	0.88243	0.65522	0.6605
intent	0.49538	0.45971	0.49009
intercourse	0.80713	0.75958	0.68032
interest	0.75561	0.58256	0.61162
interested	0.7041	0.55086	0.62087
intimate	0.84016	0.75694	0.60898
intoxicated	0.49538	0.65258	0.40026
intruder	0.20079	0.74108	0.36328
invade	0.28534	0.62748	0.3963
invader	0.23778	0.56143	0.36328
invent	0.72391	0.6539	0.68956
invest	0.61823	0.51123	0.61162
iron	0.48217	0.33157	0.50859
irony	0.64993	0.45046	0.47292
irritate	0.24571	0.59577	0.49934
irritated	0.12946	0.64465	0.41215
island	0.83752	0.64597	0.65522
isolation	0.12153	0.45575	0.17834
issue	0.38045	0.54822	0.4465
item	0.52972	0.26288	0.52972
ivy	0.37781	0.50991	0.45178
jaguar	0.70938	0.56143	0.46764
jail	0.09247	0.56011	0.33818
jar	0.52312	0.33025	0.59445
jealous	0.21268	0.69089	0.32629
jealousy	0.16645	0.67503	0.33686
jeans	0.68428	0.46103	0.61295
jelly	0.58256	0.32365	0.43329
jellyfish	0.46367	0.63276	0.40159
jeopardy	0.68692	0.51915	0.48613
jerk	0.21268	0.52312	0.44782
jet	0.66579	0.61295	0.48085
jewel	0.75958	0.54557	0.57332
job	0.60502	0.5218	0.58785
joke	0.90489	0.72523	0.64729
jolly	0.81374	0.57067	0.679
journal	0.51387	0.36988	0.52972
joy	0.97094	0.78864	0.66446
joyful	0.92074	0.62483	0.70674
judge	0.43329	0.50859	0.31968
judgment	0.41744	0.59841	0.41347
jug	0.52708	0.34742	0.50198
jugs	0.58124	0.52576	0.49538
juice	0.73184	0.58653	0.58256
jumble	0.41744	0.53501	0.40291
jungle	0.59709	0.60766	0.47028
justice	0.86262	0.55746	0.68956
keg	0.65522	0.54425	0.53897
kerchief	0.50991	0.28798	0.5284
kerosene	0.46896	0.40819	0.4465
ketchup	0.57464	0.37517	0.53369
kettle	0.52444	0.26024	0.49538
key	0.5852	0.32365	0.49273
kick	0.40423	0.48217	0.56143
kid	0.68296	0.54161	0.63144
kidnap	0.18098	0.66843	0.24174
kidney	0.47688	0.42668	0.39234
kids	0.74769	0.53104	0.50462
killer	0.08454	0.87318	0.43461
kind	0.83752	0.42404	0.62087
kindness	0.8679	0.40291	0.58388
king	0.79392	0.56275	0.80978
kiss	0.92602	0.80185	0.75033
kitten	0.74108	0.50594	0.74108
knee	0.49934	0.41612	0.5218
knife	0.31308	0.60106	0.37913
knitting	0.48745	0.21532	0.54954
knob	0.51387	0.36328	0.53369
knot	0.44782	0.37252	0.45178
know	0.75033	0.59709	0.74637
knowledge	0.8362	0.61691	0.73052
label	0.41083	0.35799	0.47292
lack	0.25892	0.39102	0.37781
lad	0.5535	0.3712	0.53236
ladder	0.5033	0.49141	0.50859
lake	0.7358	0.35667	0.48217
lamb	0.61295	0.27873	0.48349
lame	0.31836	0.32232	0.47292
lamp	0.54954	0.33686	0.53104
land	0.58256	0.38441	0.56539
lane	0.5469	0.44782	0.56671
lantern	0.57067	0.36988	0.50462
laugh	0.93923	0.8111	0.71202
laughter	0.95112	0.72655	0.68692
lava	0.42008	0.57067	0.30251
lavish	0.65522	0.48613	0.57992
law	0.50859	0.3963	0.37781
lawn	0.52708	0.36328	0.54425
lawsuit	0.28005	0.48613	0.35271
lawyer	0.58785	0.60766	0.48085
lazy	0.41347	0.18494	0.37252
leader	0.8428	0.66314	0.87583
leak	0.24042	0.4465	0.3461
learn	0.77939	0.5469	0.67239
lease	0.42272	0.45575	0.45575
leave	0.34082	0.41083	0.41083
leaves	0.63672	0.33686	0.46896
ledge	0.38045	0.54161	0.37649
leg	0.58917	0.42933	0.54293
legend	0.679	0.47952	0.56671
legs	0.61823	0.45443	0.62351
leisurely	0.74373	0.33686	0.51519
leopard	0.62351	0.57067	0.43857
leprosy	0.11096	0.66579	0.36328
lesbian	0.45178	0.51123	0.54161
lesson	0.50462	0.36856	0.50066
letter	0.70806	0.48217	0.59181
liar	0.15324	0.67768	0.27609
liberty	0.88904	0.57464	0.66579
lice	0.14003	0.49538	0.35667
lick	0.66314	0.58785	0.61427
lid	0.49934	0.31836	0.51387
lie	0.20343	0.62219	0.27081
life	0.79524	0.63012	0.59049
lightbulb	0.57596	0.37649	0.6037
lighthouse	0.61295	0.41744	0.5284
lightning	0.43857	0.70806	0.31968
like	0.82827	0.7107	0.54954
limb	0.49934	0.43329	0.53501
limber	0.5852	0.43857	0.54029
limp	0.32497	0.40159	0.42008
linger	0.4214	0.48481	0.51123
lion	0.57067	0.6539	0.37913
lips	0.77675	0.66314	0.57464
liquor	0.48613	0.58256	0.47688
listen	0.61823	0.42272	0.59577
listless	0.37913	0.37649	0.38177
liter	0.49538	0.40687	0.54425
litter	0.35799	0.46499	0.47556
lively	0.786	0.56539	0.63937
lizard	0.52576	0.51255	0.49141
location	0.54293	0.37781	0.5469
locker	0.52048	0.28137	0.54293
loneliness	0.04756	0.43725	0.16645
lonely	0.12153	0.43065	0.22457
loosen	0.57332	0.42933	0.64201
lose	0.20608	0.48613	0.27477
loser	0.1321	0.48877	0.23382
loss	0.08454	0.59841	0.14927
lost	0.2074	0.6037	0.21268
lotion	0.61427	0.56407	0.58785
lottery	0.70277	0.54293	0.47028
loud	0.46499	0.64069	0.50462
lounge	0.70674	0.35931	0.61427
louse	0.20608	0.49273	0.30647
love	0.98679	0.6856	0.77411
loved	0.97622	0.67768	0.70938
loving	0.92867	0.65522	0.66579
lower	0.36328	0.41083	0.38705
loyal	0.83223	0.51651	0.74769
luck	0.81374	0.68692	0.49141
lucky	0.91413	0.69749	0.63408
luggage	0.67107	0.58785	0.52576
lump	0.38441	0.46896	0.40555
lunch	0.78732	0.55218	0.64069
lung	0.52312	0.42933	0.44782
lurk	0.3897	0.59181	0.36328
luscious	0.82563	0.54029	0.5852
lust	0.77543	0.74373	0.56011
luxury	0.87583	0.46235	0.68032
machine	0.50727	0.3395	0.52576
mad	0.1572	0.72787	0.60898
madman	0.35139	0.56935	0.46764
madness	0.41215	0.60106	0.43329
magazine	0.59974	0.4716	0.48613
maggot	0.107	0.53236	0.36724
magical	0.82034	0.62087	0.59181
magnet	0.53633	0.45839	0.52312
maid	0.56935	0.5218	0.59049
mail	0.74373	0.5786	0.58388
makeup	0.57992	0.42668	0.57332
malaria	0.15192	0.41612	0.26024
male	0.60634	0.48217	0.53765
malice	0.19022	0.60898	0.46103
malnutrition	0.107	0.5852	0.36328
malt	0.64993	0.47292	0.54557
man	0.72391	0.52708	0.56539
mane	0.54822	0.40687	0.48217
mangle	0.35007	0.5535	0.44386
maniac	0.33157	0.5469	0.39234
manner	0.57992	0.43725	0.50198
manor	0.57596	0.46103	0.54954
mansion	0.79128	0.63144	0.60898
mantel	0.48613	0.26684	0.48877
manure	0.24439	0.38573	0.45178
map	0.51387	0.37252	0.53236
margin	0.46764	0.31176	0.47556
market	0.58256	0.37913	0.53104
marrow	0.42404	0.39762	0.41744
marry	0.71731	0.64597	0.51915
marsh	0.45178	0.38309	0.45178
marvel	0.7675	0.5218	0.48613
mascot	0.66579	0.50859	0.5469
mask	0.52576	0.43989	0.55086
massacre	0.13606	0.53897	0.29723
mastectomy	0.21664	0.50991	0.33025
masterful	0.77147	0.5218	0.78336
mastery	0.71863	0.57728	0.79657
masturbate	0.55482	0.58388	0.5786
matador	0.50859	0.57067	0.48085
mate	0.7424	0.66711	0.55878
material	0.52972	0.36988	0.51123
math	0.33818	0.44518	0.4214
me	0.8996	0.62351	0.87583
meal	0.83752	0.59974	0.68164
measles	0.19683	0.5033	0.38045
meat	0.71466	0.54954	0.63144
meddle	0.37252	0.50859	0.4782
medicine	0.58388	0.41612	0.45575
meek	0.3461	0.33686	0.31968
melody	0.76882	0.49273	0.55614
melt	0.53236	0.48613	0.47688
member	0.60502	0.49934	0.53501
memorial	0.4531	0.4782	0.41876
memories	0.82299	0.64069	0.61162
memory	0.70938	0.55086	0.50991
men	0.71466	0.58653	0.64993
menace	0.21532	0.56407	0.49273
mend	0.64993	0.48613	0.6037
menu	0.67635	0.46499	0.62748
mercy	0.58917	0.55218	0.32365
merger	0.5033	0.40423	0.51651
merry	0.87847	0.61427	0.71202
messy	0.25099	0.27609	0.46235
metal	0.48877	0.33554	0.54557
meteor	0.57067	0.60502	0.27477
method	0.56935	0.34346	0.58388
midnight	0.78336	0.69353	0.62219
mighty	0.69881	0.57596	0.78996
mildew	0.25363	0.37384	0.41612
mile	0.52708	0.45443	0.53633
military	0.56671	0.54161	0.44914
milk	0.62087	0.321	0.60502
millionaire	0.89564	0.64597	0.75561
mind	0.71731	0.49538	0.67635
mingle	0.71466	0.61162	0.62351
miracle	0.97094	0.84544	0.54161
mischief	0.57067	0.59577	0.56935
miserable	0.03963	0.49538	0.15588
misery	0.08983	0.51783	0.17173
missiles	0.25363	0.71863	0.24967
missles	0.27477	0.61955	0.2642
mistake	0.21268	0.51915	0.34478
mitten	0.57332	0.33421	0.4465
mob	0.26684	0.64201	0.27345
mobility	0.73712	0.49538	0.68428
model	0.77279	0.62748	0.47688
modest	0.59577	0.36063	0.49009
moist	0.56407	0.43593	0.49934
mold	0.30383	0.37252	0.40687
molest	0.08587	0.5218	0.26156
moment	0.59577	0.34082	0.47028
money	0.83752	0.58785	0.6605
monk	0.51915	0.28269	0.48085
monopoly	0.68032	0.52708	0.58785
month	0.51519	0.36724	0.47556
mood	0.57464	0.45971	0.57464
moody	0.2576	0.38705	0.4148
moon	0.72523	0.44254	0.46896
moral	0.6539	0.42801	0.61427
morale	0.70277	0.49538	0.59445
morbid	0.214	0.5033	0.40819
morgue	0.08851	0.47424	0.31176
moron	0.33289	0.58785	0.44254
morsel	0.55746	0.47292	0.51783
mosquito	0.20476	0.46631	0.43065
moss	0.44122	0.30647	0.43461
motel	0.42008	0.48613	0.40555
moth	0.45046	0.36328	0.49538
mother	0.9432	0.64465	0.59313
motorcycle	0.59049	0.68824	0.51387
mountain	0.70542	0.56011	0.55614
mourn	0.07266	0.6103	0.214
mouth	0.55614	0.46764	0.61823
movie	0.74108	0.48613	0.49538
mucus	0.27609	0.28534	0.46896
mud	0.47028	0.33818	0.53501
muddy	0.4214	0.38045	0.45971
muffin	0.70277	0.46367	0.56275
muffle	0.42536	0.48217	0.43329
mug	0.55086	0.44386	0.51255
mule	0.51519	0.39894	0.50594
murderer	0.03699	0.82166	0.33289
muscular	0.7358	0.55746	0.7041
museum	0.56671	0.31044	0.53765
mushroom	0.59841	0.45839	0.56407
music	0.90885	0.53765	0.679
musician	0.78732	0.64069	0.61823
mutation	0.35139	0.47424	0.37252
mutilate	0.0753	0.68164	0.28534
mutilation	0.09511	0.63672	0.22721
mystic	0.62748	0.47424	0.56407
myth	0.60898	0.56143	0.4716
nab	0.38441	0.53765	0.5218
nag	0.21797	0.54822	0.39894
nail	0.51387	0.43857	0.5284
naked	0.67239	0.60106	0.62748
name	0.56803	0.3963	0.51651
napkin	0.47424	0.36328	0.51255
narcotic	0.40159	0.48613	0.4214
nasty	0.30779	0.48085	0.49538
nation	0.64993	0.44254	0.53104
natural	0.70542	0.37517	0.57067
nature	0.84544	0.41215	0.48877
necklace	0.679	0.4782	0.56143
nectar	0.74637	0.34875	0.43461
needle	0.3395	0.54293	0.35667
neglect	0.1823	0.47292	0.34346
nerves	0.40026	0.66843	0.45839
nervous	0.26948	0.70542	0.30515
nestle	0.7107	0.37649	0.62351
net	0.46896	0.47292	0.48613
neurotic	0.42272	0.51255	0.41744
news	0.53501	0.51783	0.44254
newspaper	0.56407	0.41876	0.52972
nice	0.70013	0.41347	0.57199
niece	0.67107	0.44254	0.54822
night	0.6354	0.61955	0.46103
nightmare	0.08719	0.83752	0.321
nine	0.50462	0.36856	0.51915
nip	0.44122	0.50066	0.50066
nipple	0.66314	0.56935	0.57067
noise	0.48613	0.47688	0.44386
noisy	0.49802	0.67768	0.48613
nonchalant	0.46103	0.24703	0.40423
nonsense	0.44386	0.38573	0.48217
noon	0.66711	0.31704	0.50594
noose	0.33157	0.4148	0.38573
nose	0.45707	0.40555	0.48613
nosey	0.35931	0.42668	0.4465
nourish	0.68824	0.40159	0.60106
novel	0.63672	0.44386	0.6037
novice	0.40026	0.32232	0.44518
nozzle	0.47292	0.44254	0.49538
nuclear	0.2642	0.60898	0.28534
nude	0.7358	0.68164	0.62219
nudist	0.61295	0.65125	0.5469
nuisance	0.26684	0.42801	0.41083
number	0.56803	0.40819	0.52708
nun	0.48613	0.22193	0.48613
nurse	0.63804	0.47424	0.47424
nursery	0.59181	0.36856	0.51915
oasis	0.86394	0.50066	0.64201
oath	0.57067	0.46896	0.50462
obesity	0.19551	0.3461	0.32893
obey	0.43197	0.39366	0.39762
object	0.5218	0.36856	0.53369
obnoxious	0.29723	0.46103	0.5469
obscene	0.39366	0.50066	0.42668
obsessed	0.31044	0.65918	0.39498
obsession	0.43197	0.68164	0.46499
obstinate	0.44254	0.35931	0.47688
ocean	0.77543	0.48877	0.56539
octopus	0.63144	0.5218	0.4782
odd	0.4716	0.39894	0.46499
odor	0.16777	0.51255	0.39366
offend	0.19947	0.56935	0.32761
office	0.52708	0.37384	0.57332
officer	0.32629	0.56803	0.37252
oil	0.44254	0.45839	0.45839
old	0.27213	0.29723	0.26948
omelet	0.69089	0.43197	0.54822
omit	0.38838	0.36328	0.45971
onion	0.42008	0.44254	0.49141
opera	0.47424	0.35931	0.50462
opinion	0.66446	0.48085	0.56539
opportunity	0.81374	0.68956	0.70542
oppose	0.38177	0.53369	0.51387
optimism	0.75297	0.54029	0.70806
optimistic	0.83752	0.60502	0.75958
option	0.69221	0.46103	0.67239
orange	0.68956	0.49141	0.53633
orangutan	0.70542	0.44782	0.4531
orchestra	0.63012	0.29987	0.51783
ordeal	0.33289	0.48481	0.41876
organ	0.52708	0.43461	0.49009
orgasm	0.93395	0.90489	0.73712
orphan	0.13738	0.54161	0.3461
ounce	0.56143	0.41744	0.49141
outdoors	0.82166	0.61691	0.66314
outlet	0.56407	0.35931	0.56803
outrage	0.29987	0.73712	0.52972
outstanding	0.85865	0.65918	0.68032
oven	0.58917	0.33421	0.54954
overcast	0.31704	0.29194	0.3897
overweight	0.09908	0.56407	0.38838
overwhelmed	0.38838	0.75958	0.34875
owe	0.2642	0.5852	0.24042
owl	0.60106	0.36063	0.6037
pacify	0.64069	0.39366	0.53897
packet	0.45443	0.39894	0.45971
pact	0.6539	0.5218	0.66711
pail	0.50066	0.31572	0.55218
pain	0.11625	0.69353	0.32497
paint	0.57728	0.37649	0.59445
painting	0.70542	0.49538	0.60238
palace	0.78468	0.50859	0.58653
pale	0.25363	0.29723	0.40555
pamphlet	0.46764	0.31308	0.4465
pan	0.55614	0.43461	0.56671
pancakes	0.63804	0.3712	0.59577
pang	0.39894	0.61427	0.42668
panic	0.24703	0.76222	0.2576
pant	0.44386	0.51387	0.47688
pantry	0.7041	0.43857	0.5786
pantyhose	0.60898	0.50462	0.53369
paper	0.5218	0.16513	0.42536
paradise	0.98679	0.51123	0.63144
paralysis	0.09643	0.45971	0.17305
parch	0.26684	0.45839	0.3963
parlor	0.54822	0.34082	0.55746
parrot	0.75165	0.54425	0.43329
part	0.50991	0.3395	0.46235
party	0.87318	0.71863	0.60502
passage	0.53236	0.41083	0.49802
passion	0.89564	0.79392	0.64465
passive	0.38573	0.32232	0.38573
pasta	0.71863	0.48745	0.60106
pastry	0.78336	0.59974	0.57992
patent	0.53369	0.29723	0.48217
path	0.59313	0.47424	0.62351
patient	0.53369	0.39102	0.48217
patio	0.60502	0.33025	0.52312
patriot	0.72127	0.51783	0.61427
patriotic	0.70938	0.56671	0.67371
patriotism	0.73976	0.56935	0.69617
pea	0.52972	0.29062	0.5469
peace	0.85469	0.22457	0.55482
peaceful	0.86129	0.214	0.58785
peanut	0.56935	0.32893	0.50991
pear	0.69617	0.35799	0.54425
pecan	0.5852	0.36856	0.50462
pee	0.54954	0.47424	0.6354
peep	0.44782	0.45707	0.46764
penalty	0.20872	0.50859	0.35667
pencil	0.52444	0.24967	0.46631
penis	0.61427	0.56671	0.61691
penny	0.5033	0.29987	0.5033
penthouse	0.73448	0.56407	0.69617
people	0.80317	0.61955	0.64597
perfection	0.7926	0.62087	0.72127
perfume	0.72787	0.50198	0.61823
period	0.33686	0.40291	0.33686
perish	0.21797	0.53501	0.2576
permit	0.55746	0.50594	0.51783
person	0.66975	0.38838	0.54161
personality	0.82299	0.61162	0.56143
pervert	0.20343	0.66182	0.45839
pessimism	0.24439	0.46103	0.42668
pest	0.24835	0.57728	0.53369
pester	0.20079	0.59709	0.44254
pet	0.73184	0.50859	0.60766
phase	0.51783	0.36063	0.44914
photo	0.72919	0.5786	0.58785
picket	0.49141	0.42272	0.56803
picnic	0.76882	0.51915	0.61823
pie	0.68164	0.3897	0.54161
pier	0.70806	0.53765	0.58917
pierce	0.40951	0.60238	0.49141
pig	0.50462	0.3897	0.54029
pigeon	0.48613	0.48481	0.5852
pill	0.47028	0.4465	0.51255
pillow	0.88111	0.22721	0.43725
pilot	0.64201	0.50462	0.5469
pin	0.42933	0.51783	0.46499
pinch	0.34082	0.44122	0.46367
pint	0.54954	0.50066	0.51915
pipe	0.56407	0.45443	0.58256
pistol	0.3897	0.64729	0.50198
pity	0.28005	0.32629	0.37913
pizza	0.71334	0.52708	0.58653
plain	0.4148	0.29987	0.45707
plan	0.68956	0.46499	0.70013
plane	0.68428	0.64597	0.46631
planet	0.58653	0.40819	0.42536
plant	0.62483	0.31308	0.45707
plate	0.53501	0.36328	0.56803
play	0.90489	0.75033	0.75561
plaza	0.57332	0.34875	0.52312
plea	0.36856	0.50991	0.35799
plead	0.32893	0.49538	0.3712
pleased	0.86394	0.5852	0.66579
pleasure	0.92867	0.59313	0.64729
pledge	0.57728	0.48481	0.42933
plod	0.46103	0.33686	0.46499
poach	0.33157	0.52708	0.44122
poem	0.69089	0.44122	0.54029
poet	0.68824	0.45178	0.47028
poetry	0.60898	0.36328	0.53633
poise	0.74637	0.53897	0.7107
poison	0.09643	0.63408	0.24439
poker	0.66843	0.57992	0.55614
pole	0.51255	0.40951	0.53765
police	0.38573	0.66314	0.27081
policy	0.42933	0.40291	0.36724
politeness	0.78336	0.32893	0.59313
politics	0.35931	0.55878	0.36328
pollen	0.27213	0.45443	0.35139
pollute	0.07926	0.63804	0.48481
pollution	0.15588	0.59709	0.31836
pond	0.64597	0.37649	0.54557
pony	0.62748	0.50462	0.53369
pool	0.85205	0.61427	0.61823
poor	0.13606	0.52312	0.1889
popcorn	0.75033	0.48085	0.55086
porch	0.64597	0.3395	0.5469
pork	0.6539	0.46499	0.53501
porpoise	0.61823	0.41215	0.50462
position	0.59313	0.50859	0.64465
positive	0.90092	0.57067	0.65258
poster	0.54029	0.35403	0.48349
potential	0.75958	0.61823	0.69353
pout	0.20872	0.50462	0.37649
poverty	0.05548	0.4782	0.25892
power	0.69881	0.71598	0.79657
powerful	0.73844	0.60502	0.78468
prairie	0.59445	0.28534	0.44518
praise	0.79128	0.66446	0.70542
pray	0.65786	0.43857	0.54822
prayer	0.65918	0.51387	0.57992
preach	0.54954	0.61295	0.40423
prefer	0.62748	0.42933	0.55746
pregnant	0.40291	0.67635	0.37781
preoccupied	0.36724	0.48613	0.40423
present	0.75297	0.51123	0.60502
president	0.5218	0.5786	0.46499
press	0.47028	0.44386	0.43989
pressure	0.28137	0.63672	0.29062
prestige	0.79392	0.60898	0.74637
pretty	0.85865	0.63144	0.56143
price	0.34082	0.4782	0.37649
prick	0.36063	0.45575	0.42536
pride	0.75958	0.60502	0.7675
priest	0.68296	0.41744	0.47952
prince	0.76354	0.63672	0.57332
princess	0.77015	0.55614	0.66975
prison	0.10568	0.58785	0.3897
privacy	0.61162	0.37913	0.58256
problem	0.19683	0.60238	0.36856
procedure	0.43593	0.4531	0.45707
profit	0.8428	0.71731	0.60766
progress	0.85601	0.63012	0.72787
promotion	0.9181	0.6856	0.73184
propeller	0.55218	0.42008	0.53897
proper	0.61823	0.30515	0.50066
prose	0.56935	0.41744	0.52972
prostitute	0.39498	0.57464	0.57992
protected	0.79789	0.37517	0.60106
proud	0.89564	0.56935	0.72523
pry	0.29326	0.49934	0.40687
pub	0.67371	0.55878	0.65258
puddle	0.50462	0.38177	0.4531
pulp	0.49538	0.36724	0.49538
pulpit	0.55482	0.37781	0.50991
pun	0.6539	0.44254	0.53104
pungent	0.35667	0.39498	0.46631
punish	0.08851	0.71863	0.18494
punishment	0.12814	0.61823	0.29723
punk	0.41215	0.44122	0.52576
puppy	0.83355	0.60766	0.56275
purify	0.7107	0.48217	0.5786
pus	0.21268	0.4716	0.40951
pushy	0.27081	0.62748	0.32761
putrid	0.14927	0.59313	0.48085
python	0.36988	0.65125	0.43197
quality	0.6605	0.42668	0.57992
quarrel	0.22193	0.66579	0.36592
quart	0.5469	0.30911	0.5218
queen	0.6856	0.46367	0.56011
quench	0.56407	0.35403	0.58917
quick	0.71202	0.70277	0.70277
quiet	0.57199	0.2074	0.41876
quilt	0.67768	0.40423	0.55878
quit	0.15984	0.4716	0.31572
rabbit	0.70277	0.36592	0.63804
rabies	0.06869	0.64069	0.34346
race	0.63672	0.55218	0.51783
rack	0.65258	0.51519	0.54425
radar	0.43461	0.57067	0.44782
radiant	0.72391	0.5469	0.57596
radiator	0.45178	0.36592	0.47028
radio	0.72391	0.46631	0.53236
raft	0.59049	0.50066	0.48085
rag	0.32365	0.32365	0.39234
rage	0.15324	0.91413	0.5852
rain	0.50594	0.31704	0.46631
rainbow	0.91017	0.44782	0.45839
raise	0.71598	0.5786	0.59709
rally	0.65786	0.69353	0.57067
ramble	0.39366	0.43329	0.42536
rancid	0.40819	0.50066	0.44122
randy	0.59709	0.45707	0.51255
rape	0	0.73448	0.22721
rash	0.17041	0.55218	0.321
rat	0.23382	0.48877	0.43593
rattle	0.49934	0.41083	0.38573
raw	0.40555	0.50066	0.52444
razor	0.47028	0.54293	0.48349
react	0.5786	0.6103	0.56539
ready	0.65786	0.52576	0.70013
realize	0.6605	0.52972	0.53501
reap	0.56143	0.48085	0.55218
rebuff	0.49538	0.44782	0.47688
recede	0.38838	0.37384	0.44518
recipe	0.71995	0.57464	0.64069
red	0.68164	0.53369	0.59841
redeem	0.82166	0.55218	0.6539
reef	0.75561	0.56407	0.49141
refine	0.56143	0.42668	0.58917
reflection	0.62351	0.41347	0.64069
refreshment	0.8177	0.42272	0.49538
refrigerator	0.64597	0.45046	0.66446
refugee	0.31704	0.50066	0.32232
refute	0.43857	0.50462	0.48217
regime	0.47952	0.47952	0.49141
regret	0.13342	0.58388	0.26156
regretful	0.13606	0.59313	0.28798
reign	0.6037	0.48613	0.70277
rejected	0.03303	0.67635	0.19419
rejection	0.06869	0.62748	0.12153
relate	0.63276	0.40687	0.54954
relax	0.8745	0.16116	0.67635
relaxed	0.75958	0.15059	0.56803
relent	0.40291	0.46103	0.38309
relic	0.59577	0.51651	0.60634
relief	0.73448	0.38573	0.57464
religion	0.50462	0.60766	0.53501
rely	0.53104	0.45046	0.41347
remorse	0.16248	0.58256	0.27213
remove	0.38045	0.45971	0.45575
render	0.42933	0.44914	0.47556
rent	0.38441	0.50066	0.46367
repent	0.48613	0.50991	0.39102
repentant	0.56539	0.45443	0.55086
report	0.37781	0.38705	0.40159
reptile	0.46499	0.51915	0.46499
repulsed	0.16248	0.61823	0.37649
rescue	0.85205	0.69749	0.68692
resent	0.33157	0.42536	0.42404
reserved	0.47952	0.26684	0.40291
resign	0.29326	0.39102	0.43857
resist	0.51123	0.54161	0.60106
respect	0.84412	0.52048	0.74505
respectful	0.78864	0.44254	0.58388
response	0.58388	0.49538	0.49009
restaurant	0.72787	0.54954	0.59181
retain	0.54557	0.43857	0.59974
retard	0.21664	0.49009	0.28798
retire	0.67635	0.45575	0.65654
retreat	0.42933	0.42008	0.44254
reunion	0.69089	0.67239	0.57992
reveal	0.66579	0.66975	0.52312
revere	0.55482	0.40159	0.50066
reverent	0.54161	0.36328	0.45178
revert	0.43329	0.45971	0.39366
revise	0.40687	0.45178	0.48613
revive	0.71731	0.56671	0.57199
revolt	0.38045	0.70145	0.65125
revolver	0.36592	0.56803	0.4148
reward	0.82959	0.48877	0.62748
rhythm	0.7675	0.59181	0.65786
rich	0.78203	0.60106	0.70277
riches	0.85205	0.64993	0.72523
riddle	0.61823	0.5218	0.48217
ridicule	0.24835	0.60502	0.3461
rifle	0.36592	0.67371	0.38441
right	0.68692	0.46764	0.67768
rigid	0.31836	0.45046	0.44386
rigor	0.49009	0.57067	0.51915
ring	0.67107	0.54425	0.45971
rink	0.58785	0.40687	0.59181
riot	0.22589	0.679	0.38705
risk	0.44782	0.69881	0.3395
river	0.73976	0.43065	0.50859
roach	0.14531	0.71202	0.4716
road	0.56539	0.48217	0.53897
roast	0.60106	0.50859	0.61823
rob	0.20476	0.68032	0.20476
robber	0.17966	0.57728	0.31308
robbery	0.15456	0.74637	0.13342
robot	0.54293	0.45707	0.42404
rock	0.56935	0.43197	0.51519
rodeo	0.57728	0.49538	0.45443
role	0.64201	0.44386	0.5852
rollercoaster	0.89432	0.8996	0.50859
romance	0.84016	0.74637	0.63144
romantic	0.93395	0.83752	0.63804
roof	0.54822	0.37252	0.53104
room	0.56407	0.33289	0.56407
rope	0.50462	0.43857	0.49538
rot	0.1889	0.51915	0.24042
rotten	0.13342	0.43329	0.40555
rough	0.46103	0.53897	0.47028
rower	0.53633	0.49141	0.55746
royalty	0.70277	0.57332	0.59577
ruby	0.74505	0.51915	0.63672
rude	0.16513	0.66843	0.48349
rug	0.48613	0.3144	0.57067
rugby	0.59709	0.49538	0.49934
ruins	0.47424	0.55878	0.44386
ruler	0.50859	0.40687	0.59841
rules	0.39366	0.41347	0.27609
rum	0.62748	0.5469	0.46235
runner	0.58388	0.46367	0.55746
rush	0.35931	0.67768	0.34742
rusty	0.34478	0.33289	0.43329
rye	0.52708	0.35799	0.53236
sad	0.04756	0.38045	0.29062
sadness	0.12682	0.52312	0.2074
safe	0.76882	0.34478	0.60238
safety	0.71995	0.46631	0.56935
sailboat	0.7926	0.47952	0.60898
saint	0.69221	0.42801	0.54425
salad	0.59313	0.33818	0.55746
salary	0.72655	0.60766	0.53501
sale	0.76882	0.62748	0.67107
salon	0.58653	0.48481	0.54161
salt	0.56935	0.43461	0.59445
salute	0.61691	0.53633	0.55614
sand	0.67239	0.46764	0.60502
sandwich	0.66446	0.57332	0.55614
sapphire	0.75958	0.49538	0.56803
satellite	0.64069	0.48217	0.49538
satire	0.65786	0.54029	0.57728
satisfaction	0.85073	0.73712	0.72787
satisfied	0.88375	0.48745	0.64597
saucer	0.50727	0.41744	0.5033
save	0.68692	0.48877	0.62748
savior	0.85601	0.60106	0.71202
scalding	0.2074	0.62087	0.3395
scandal	0.27345	0.51123	0.40819
scapegoat	0.31968	0.43329	0.29987
scar	0.28137	0.46764	0.34742
scare	0.31308	0.70145	0.31836
scared	0.20211	0.7358	0.22325
scarf	0.57992	0.29194	0.55614
scary	0.26288	0.71863	0.31836
scene	0.57332	0.48613	0.51387
scent	0.66711	0.53501	0.53104
scholar	0.79392	0.51123	0.70542
school	0.41083	0.4214	0.49538
science	0.46367	0.45707	0.4716
scientific	0.58256	0.47688	0.54293
scissors	0.50198	0.42536	0.51651
scoff	0.35535	0.5284	0.46631
scold	0.20608	0.6354	0.28269
scorch	0.26156	0.49141	0.35007
scorching	0.33157	0.49538	0.37649
scorn	0.21004	0.55878	0.35403
scornful	0.23382	0.50066	0.44122
scorpion	0.32232	0.54557	0.36063
scream	0.34742	0.76486	0.46235
scrotum	0.60766	0.50066	0.62748
scuff	0.35403	0.50859	0.42008
scum	0.15588	0.47952	0.39762
scurvy	0.25627	0.45707	0.42668
sea	0.75958	0.47292	0.53236
seagull	0.61295	0.43857	0.48613
seal	0.60238	0.55086	0.57199
seasick	0.10568	0.60106	0.28534
seat	0.48877	0.22457	0.47424
secretary	0.59577	0.45046	0.60898
secure	0.83487	0.24967	0.61823
security	0.79657	0.39234	0.56539
seduction	0.82959	0.81638	0.5786
seek	0.57332	0.51123	0.53236
seize	0.29987	0.69617	0.26552
self	0.75958	0.55614	0.78732
selfish	0.15456	0.56143	0.44782
semen	0.50462	0.58388	0.57067
sensitive	0.56143	0.39894	0.43593
sentiment	0.62483	0.41744	0.50727
sentry	0.49538	0.38838	0.49538
serene	0.74637	0.28402	0.61823
serious	0.50594	0.36328	0.51123
sermon	0.59049	0.42272	0.42272
sever	0.24174	0.59049	0.33157
severe	0.2576	0.52972	0.34082
sewage	0.17966	0.43857	0.42536
sex	0.89828	0.80713	0.59445
sexy	0.89432	0.80713	0.7358
shadow	0.40951	0.40291	0.38838
shaky	0.28666	0.50594	0.29194
shame	0.11625	0.67107	0.22721
shamed	0.16513	0.47952	0.22853
shark	0.31704	0.78071	0.1823
shawl	0.52708	0.35007	0.52708
sheep	0.6856	0.33421	0.54954
shelf	0.53236	0.39234	0.5535
sheltered	0.59445	0.40026	0.33157
shield	0.69881	0.54293	0.68428
shine	0.76882	0.5284	0.66579
ship	0.56803	0.41347	0.51123
shock	0.36724	0.81902	0.27609
shoes	0.65258	0.43197	0.61295
shoplifter	0.22193	0.62748	0.39498
shopping	0.69089	0.59974	0.69353
short	0.44782	0.33025	0.35799
shotgun	0.41215	0.66314	0.53369
shower	0.76486	0.56671	0.66975
shred	0.42404	0.49538	0.48085
shriek	0.35403	0.54293	0.40291
shrimp	0.62748	0.43197	0.68692
shrink	0.36328	0.50462	0.30911
shrub	0.48481	0.36856	0.56407
shun	0.22721	0.52708	0.31836
shut	0.43329	0.4782	0.41612
shy	0.44782	0.33289	0.2893
sick	0.08587	0.40159	0.23646
sickness	0.1321	0.57596	0.34214
sidle	0.53369	0.48085	0.51915
sigh	0.38309	0.20211	0.4214
sight	0.7041	0.45971	0.55746
silent	0.46764	0.29194	0.49009
silk	0.74637	0.32497	0.47028
silly	0.81374	0.61162	0.62748
silver	0.73976	0.52048	0.58124
simple	0.69353	0.32761	0.64069
sin	0.20476	0.59841	0.31308
sinful	0.22193	0.66579	0.39498
sing	0.72919	0.59181	0.54425
sissy	0.24967	0.51783	0.30779
sister	0.82034	0.55218	0.48613
sizzle	0.71995	0.61427	0.60106
skate	0.70674	0.67107	0.59181
skeleton	0.34082	0.46764	0.4148
skeptical	0.43197	0.48349	0.42933
ski	0.73316	0.70938	0.52312
skier	0.59049	0.54293	0.59445
skijump	0.7675	0.7675	0.48217
skill	0.74637	0.58785	0.67107
skin	0.56803	0.47688	0.52312
skinhead	0.30251	0.44518	0.38838
skip	0.64729	0.58785	0.54425
skit	0.6856	0.52444	0.61295
skull	0.39894	0.46235	0.47688
sky	0.80845	0.39894	0.51651
skyline	0.74637	0.53236	0.53633
skyscraper	0.61162	0.58917	0.40687
slang	0.45178	0.46896	0.52576
slap	0.22457	0.68824	0.39102
slaughter	0.05152	0.72919	0.3395
slave	0.07794	0.65522	0.26948
slayer	0.36328	0.65918	0.46367
sleep	0.786	0.20476	0.54954
slim	0.75561	0.57728	0.61823
slime	0.1889	0.54293	0.38573
slip	0.30911	0.55614	0.24967
slob	0.24703	0.39366	0.39894
slogan	0.60502	0.38705	0.51387
slouch	0.37252	0.34082	0.47292
slow	0.35403	0.28269	0.40951
sludge	0.36328	0.33686	0.46499
slum	0.15059	0.46631	0.34082
slush	0.45046	0.32761	0.48349
smack	0.29723	0.57992	0.43857
smallpox	0.16777	0.57199	0.40159
smart	0.88243	0.61427	0.72919
smear	0.35271	0.51519	0.42404
smell	0.5218	0.5218	0.5535
smile	0.91281	0.61823	0.70674
smirk	0.56407	0.49141	0.56803
smoke	0.28269	0.42668	0.45178
smooth	0.7041	0.48349	0.50727
smudge	0.36328	0.42008	0.42404
snail	0.40423	0.34478	0.5852
snake	0.27213	0.7358	0.33421
snare	0.42668	0.54954	0.46631
snatch	0.45046	0.55746	0.43329
sneakers	0.67239	0.50462	0.67503
sneer	0.33157	0.48613	0.45046
sneeze	0.46367	0.49009	0.35403
snob	0.27873	0.58124	0.50991
snow	0.77015	0.59445	0.60106
snuggle	0.88111	0.38441	0.58256
soak	0.54557	0.54293	0.50991
soap	0.62351	0.43197	0.62351
soar	0.74637	0.64993	0.60502
sob	0.10304	0.60898	0.27873
soccer	0.61427	0.5469	0.57596
social	0.74373	0.49273	0.61559
society	0.49934	0.4716	0.4148
sock	0.50066	0.29194	0.57067
soda	0.69353	0.59709	0.60502
sodomize	0.32365	0.51255	0.33686
sofa	0.69749	0.24439	0.64993
soft	0.77543	0.4465	0.62748
soil	0.45178	0.30647	0.45575
soldier	0.59974	0.55878	0.58653
solemn	0.40555	0.30515	0.44386
son	0.679	0.58917	0.57992
song	0.77279	0.63672	0.60766
soothe	0.8362	0.49009	0.62748
soothe	0.79921	0.41612	0.54293
sorrow	0.14135	0.42668	0.31968
sorry	0.31308	0.50991	0.3395
soul	0.72259	0.4148	0.58917
soup	0.6605	0.40555	0.57596
sour	0.35403	0.50859	0.44782
spa	0.87318	0.4716	0.55614
space	0.73052	0.51387	0.5218
spanking	0.30383	0.54954	0.35139
speech	0.43461	0.5852	0.47688
spend	0.57464	0.57464	0.61427
sphere	0.53897	0.34742	0.49538
spice	0.65522	0.57728	0.57728
spider	0.27477	0.58917	0.46235
spike	0.54029	0.49009	0.50991
spine	0.51123	0.42668	0.53765
spirit	0.75958	0.56935	0.6037
sponge	0.50991	0.29987	0.49009
spoon	0.61823	0.38309	0.54425
sports	0.68692	0.65786	0.59709
spouse	0.8362	0.52312	0.56539
spray	0.55482	0.38177	0.51123
spring	0.85997	0.58388	0.66182
spur	0.51783	0.50462	0.56143
spurn	0.41347	0.41347	0.41744
squad	0.57199	0.52048	0.46499
square	0.46103	0.25495	0.43065
squash	0.49141	0.35403	0.55878
squeal	0.45178	0.66182	0.43197
stagnant	0.38309	0.35403	0.45707
stairs	0.45178	0.49538	0.4782
stalk	0.20476	0.54954	0.31308
star	0.79524	0.60502	0.4531
startled	0.42933	0.75033	0.42668
starvation	0.0753	0.68824	0.24571
starve	0.16513	0.48613	0.35403
starving	0.15059	0.57596	0.3144
statue	0.51783	0.29194	0.48877
status	0.57728	0.48613	0.54954
steak	0.74108	0.53765	0.65125
steal	0.25495	0.50991	0.48613
steam	0.49538	0.40951	0.51519
stench	0.12417	0.41083	0.40159
stereo	0.74505	0.63276	0.63672
stiff	0.4531	0.36592	0.48613
stifle	0.29723	0.48613	0.32497
sting	0.16248	0.73052	0.31968
stingy	0.24439	0.54425	0.43329
stink	0.23118	0.39762	0.38441
stolen	0.19022	0.63144	0.28534
stomach	0.4716	0.35403	0.4531
stool	0.43725	0.36328	0.49273
stop	0.35799	0.39762	0.48085
store	0.61823	0.49538	0.62748
storm	0.48877	0.58917	0.43461
story	0.7107	0.54425	0.55746
stove	0.49273	0.43065	0.54293
stow	0.52576	0.32893	0.52048
street	0.52444	0.28269	0.47028
strength	0.81374	0.59577	0.78732
stress	0.11096	0.81902	0.35403
stricken	0.26948	0.63276	0.24967
stride	0.59049	0.46235	0.67768
string	0.54029	0.41083	0.57067
strive	0.73052	0.65258	0.65258
strong	0.77411	0.61691	0.74901
structure	0.52312	0.36856	0.54954
stubborn	0.34478	0.53501	0.53897
studio	0.63144	0.50991	0.60766
stun	0.48613	0.66579	0.31836
stupid	0.14003	0.45839	0.22853
stupor	0.4148	0.42668	0.31968
style	0.7358	0.54293	0.57992
subdue	0.45443	0.40291	0.43725
subdued	0.45178	0.21797	0.37384
subject	0.50066	0.35403	0.4531
submit	0.41215	0.52444	0.35799
suburb	0.61295	0.43461	0.60634
subway	0.66579	0.56407	0.54425
success	0.92999	0.64201	0.74505
suffer	0.06209	0.64333	0.17041
suffocate	0.04095	0.63144	0.2893
sugar	0.72523	0.57992	0.56143
suggestion	0.58256	0.45839	0.47952
suicide	0	0.59181	0.30779
suite	0.7926	0.57332	0.5535
sun	0.83223	0.50066	0.64861
sunflower	0.81374	0.40291	0.53897
sunglasses	0.68956	0.48217	0.62351
sunlight	0.85997	0.64069	0.5786
sunrise	0.87318	0.5033	0.53369
sunset	0.84941	0.3897	0.58256
supper	0.78996	0.66711	0.63144
supply	0.53104	0.41347	0.53104
sure	0.69749	0.49538	0.63144
surfer	0.70013	0.55482	0.55482
surgeon	0.54293	0.60898	0.44386
surgery	0.21268	0.67371	0.19815
surprise	0.85601	0.76882	0.3461
surprised	0.82166	0.82166	0.64201
sushi	0.59049	0.52444	0.60238
suspicious	0.33157	0.6605	0.42536
swamp	0.51387	0.47688	0.53369
swan	0.69089	0.29987	0.53765
swear	0.42008	0.55614	0.46764
sweet	0.84412	0.62219	0.54293
sweetheart	0.94716	0.56143	0.63144
swift	0.68824	0.5469	0.66579
swimmer	0.69881	0.4716	0.62219
swing	0.786	0.56539	0.53897
swipe	0.47688	0.40687	0.50991
sword	0.56407	0.63804	0.57728
sympathy	0.53897	0.49934	0.45971
syphilis	0.0568	0.58653	0.27477
syrup	0.63672	0.45443	0.60898
system	0.54425	0.35403	0.54425
table	0.52444	0.22061	0.42536
taint	0.35271	0.47556	0.40951
tale	0.68428	0.38045	0.56143
talent	0.83355	0.66314	0.69221
tall	0.71202	0.4716	0.57067
tamper	0.37649	0.48877	0.43989
tangle	0.35931	0.58256	0.45046
tank	0.51651	0.47952	0.46631
tar	0.40423	0.42404	0.42933
task	0.46764	0.45839	0.61823
taste	0.71466	0.52444	0.56143
tatter	0.43329	0.35007	0.42933
tattoo	0.57728	0.6354	0.58653
taunt	0.31176	0.56803	0.48217
tavern	0.60238	0.49538	0.55878
taxi	0.49538	0.28534	0.44782
tea	0.6103	0.38045	0.58917
teach	0.61295	0.57332	0.61162
teacher	0.5852	0.36988	0.50991
team	0.81638	0.61823	0.61427
tease	0.47424	0.6103	0.45178
teenager	0.68164	0.67107	0.45178
teeter	0.51915	0.53501	0.43725
teeth	0.55614	0.46499	0.47556
tempo	0.61295	0.50066	0.62219
temptation	0.48745	0.61162	0.42933
tend	0.56803	0.35403	0.55218
tender	0.75033	0.47952	0.53897
tendon	0.48217	0.48217	0.47292
tennis	0.63012	0.44386	0.57596
tense	0.30515	0.69749	0.52444
termite	0.30779	0.5469	0.3461
terrace	0.56803	0.45707	0.49538
terrible	0.08983	0.66314	0.30779
terrific	0.91281	0.65786	0.70674
terrified	0.06209	0.87318	0.24174
terror	0.19815	0.76882	0.19287
terrorist	0.05812	0.79524	0.18494
testicles	0.54557	0.5284	0.60238
thankful	0.74505	0.40819	0.53765
theater	0.71863	0.60898	0.55482
theft	0.18758	0.62219	0.26684
theory	0.53501	0.44518	0.47952
therapy	0.41876	0.43857	0.36724
thermometer	0.45971	0.33554	0.4148
thief	0.11625	0.74505	0.33554
thigh	0.59709	0.55746	0.57464
thin	0.68428	0.57067	0.54293
thing	0.47292	0.38573	0.46499
think	0.68164	0.54029	0.67768
thirst	0.28005	0.49934	0.35403
thirsty	0.31176	0.58388	0.33289
thong	0.71863	0.59841	0.71863
thorn	0.31572	0.51387	0.42272
thought	0.679	0.47292	0.63012
thoughtful	0.84544	0.59049	0.57596
threat	0.16513	0.63804	0.26684
thrift	0.48217	0.42008	0.52576
thrill	0.89828	0.89432	0.69881
thrilled	0.86658	0.82166	0.64465
thrive	0.81902	0.63144	0.66579
thud	0.42536	0.5218	0.4782
thug	0.34478	0.53765	0.35799
thumb	0.56407	0.43461	0.5284
tick	0.32629	0.38177	0.38705
ticket	0.55614	0.59974	0.51387
tickle	0.74108	0.71995	0.37252
tidy	0.66711	0.36063	0.56011
tiger	0.61295	0.68164	0.2893
time	0.53633	0.44782	0.4465
timid	0.34478	0.37781	0.24306
tire	0.49141	0.36328	0.49934
tired	0.26816	0.18362	0.35799
tissue	0.48613	0.3144	0.50462
title	0.60106	0.48613	0.61295
toad	0.44122	0.46367	0.42272
tobacco	0.26816	0.47292	0.37384
toddler	0.75561	0.5852	0.70013
toil	0.3897	0.50066	0.43725
toilet	0.45046	0.35799	0.52972
tomato	0.55482	0.33554	0.54293
tomb	0.22325	0.45971	0.32629
ton	0.4531	0.40687	0.50066
tool	0.52048	0.40687	0.58388
tooth	0.52048	0.45046	0.5033
toothache	0.09643	0.56803	0.35007
topless	0.75033	0.71598	0.66711
topple	0.35403	0.55614	0.3963
tornado	0.17173	0.73712	0.40291
torte	0.53897	0.40291	0.49141
torture	0.04095	0.64069	0.27477
total	0.59313	0.47028	0.53501
touch	0.66843	0.65258	0.60238
tourist	0.58256	0.43197	0.54557
tow	0.3144	0.45178	0.36328
towel	0.59445	0.38838	0.58653
tower	0.55614	0.35667	0.59841
town	0.61823	0.40159	0.44782
toxic	0.11229	0.68032	0.41876
toy	0.75958	0.50991	0.63937
traffic	0.13474	0.60106	0.17437
tragedy	0.07001	0.65918	0.29723
train	0.57332	0.47556	0.50066
trait	0.63276	0.36856	0.37252
traitor	0.12814	0.59841	0.44386
trash	0.18758	0.38441	0.52708
trauma	0.11229	0.67107	0.21004
travel	0.77279	0.65522	0.66843
tray	0.50859	0.31968	0.51783
tread	0.53633	0.49141	0.47688
treasure	0.92734	0.72655	0.67503
treat	0.80713	0.57728	0.59841
treatment	0.52708	0.56407	0.42668
tree	0.66975	0.28666	0.50594
tremor	0.35535	0.54954	0.27609
trend	0.54822	0.49934	0.41612
tribe	0.57596	0.4531	0.49538
trick	0.49141	0.64069	0.44254
trip	0.75429	0.66711	0.49538
triumph	0.86526	0.59841	0.75694
triumphant	1	0.73052	0.75297
trivia	0.59709	0.49538	0.51519
trophy	0.86262	0.5469	0.6856
trouble	0.23514	0.73976	0.47556
troubled	0.12153	0.61955	0.35139
trout	0.57067	0.41612	0.58388
truce	0.70938	0.4716	0.64201
truck	0.55746	0.47424	0.53897
true	0.75429	0.50991	0.62748
trumpet	0.59445	0.49141	0.43857
trunk	0.50727	0.38705	0.51387
trust	0.71731	0.53501	0.70806
truth	0.86526	0.49538	0.68956
tulip	0.73712	0.43197	0.58653
tumor	0.14663	0.69485	0.30779
tune	0.75033	0.45707	0.59313
turkey	0.69089	0.50066	0.64333
turmoil	0.19287	0.6103	0.2576
turtle	0.73052	0.47556	0.50462
tusk	0.54954	0.42404	0.48613
twelve	0.52708	0.31836	0.53633
twilight	0.78996	0.45575	0.57332
twins	0.65918	0.51783	0.52312
tyrant	0.2642	0.58917	0.24967
ugly	0.15588	0.54557	0.39762
ulcer	0.07001	0.64333	0.38573
umbrella	0.51651	0.321	0.55086
uncertain	0.29062	0.46764	0.28005
uncomfortable	0.22721	0.6354	0.28666
understand	0.77675	0.49538	0.72919
uneasy	0.24042	0.63144	0.26288
unfaithful	0.10568	0.6539	0.23382
unhappy	0.04227	0.38705	0.27609
unify	0.74637	0.48613	0.60502
union	0.69089	0.46764	0.64597
unit	0.57332	0.33025	0.50991
unite	0.72919	0.60238	0.64069
unity	0.79789	0.44782	0.68428
unsafe	0.2074	0.65125	0.31968
unsure	0.23514	0.62351	0.31044
untroubled	0.84148	0.34875	0.56539
upset	0.09908	0.60898	0.37384
urinate	0.57332	0.37649	0.55482
urine	0.2642	0.3897	0.52708
usage	0.48613	0.48217	0.49141
useful	0.77807	0.39762	0.61823
useless	0.11625	0.4782	0.35271
utensil	0.51387	0.30647	0.54822
vacation	0.91281	0.57992	0.73316
vagina	0.64597	0.56803	0.61162
valentine	0.90621	0.6354	0.60238
valley	0.55614	0.32365	0.46103
vampire	0.39762	0.67635	0.50198
van	0.49141	0.34478	0.49934
vandal	0.19287	0.68032	0.35139
vanish	0.34082	0.53369	0.25495
vanity	0.40291	0.49273	0.46896
vase	0.49141	0.35007	0.54954
vegetable	0.54822	0.37252	0.53104
vehicle	0.66314	0.4465	0.59709
venom	0.1889	0.63804	0.35535
vessel	0.56143	0.40423	0.54029
vest	0.5284	0.35667	0.50727
vibrator	0.64993	0.679	0.56671
vice	0.42008	0.53501	0.52576
victim	0.12285	0.6354	0.19022
victory	0.93395	0.7107	0.79392
video	0.79921	0.58388	0.59709
vigor	0.60766	0.59709	0.59181
vigorous	0.73184	0.61427	0.54954
village	0.61691	0.37384	0.48745
vine	0.54293	0.42668	0.46235
violent	0.13738	0.74505	0.51651
violin	0.55218	0.2959	0.51915
violinist	0.66975	0.40687	0.54557
virgin	0.68692	0.56275	0.65918
virtue	0.65654	0.43197	0.64465
virus	0.16513	0.55614	0.20343
vision	0.70938	0.45046	0.63012
vista	0.50859	0.43857	0.4465
vodka	0.56407	0.60898	0.49538
volcano	0.47424	0.67107	0.2642
vomit	0.107	0.59445	0.30779
vote	0.7107	0.53501	0.75033
vow	0.63804	0.54161	0.61691
vows	0.69089	0.64465	0.57596
voyage	0.6605	0.56803	0.51915
wagon	0.54425	0.36063	0.50198
wail	0.3144	0.56143	0.43329
wall	0.46367	0.38705	0.41744
wander	0.53104	0.48613	0.55218
wane	0.4148	0.43461	0.35799
want	0.5284	0.62748	0.43461
war	0.10964	0.82431	0.42933
warden	0.33554	0.39498	0.28534
warehouse	0.51255	0.36328	0.45839
warm	0.69353	0.51387	0.54293
warmth	0.81374	0.32761	0.57596
warn	0.3897	0.54425	0.44254
wart	0.15324	0.40819	0.31308
wasp	0.28005	0.56143	0.33157
waste	0.22193	0.38177	0.45839
watch	0.59841	0.37649	0.54425
water	0.70806	0.49141	0.50594
waterfall	0.87583	0.54425	0.5218
watermelon	0.69617	0.51915	0.59974
waterskiing	0.75958	0.72919	0.57464
wealth	0.85205	0.61427	0.71995
wealthy	0.85205	0.60106	0.72919
weapon	0.35931	0.63144	0.52048
weary	0.33554	0.33818	0.36328
web	0.53897	0.40291	0.5218
wed	0.72655	0.68164	0.56935
wedding	0.8679	0.62351	0.71731
week	0.54161	0.41347	0.48481
weep	0.07266	0.50462	0.23118
weight	0.40026	0.54822	0.48481
weightlifter	0.61823	0.56143	0.57067
welfare	0.27873	0.51915	0.2074
wet	0.57067	0.57067	0.5786
wheat	0.61427	0.36724	0.57728
wheel	0.56803	0.47688	0.56803
whistle	0.60238	0.45443	0.53104
white	0.68956	0.41215	0.62483
whore	0.13871	0.60766	0.44386
wicked	0.22589	0.63937	0.41083
wife	0.67107	0.48613	0.57067
wild	0.67635	0.68428	0.53104
willing	0.70674	0.53501	0.62748
win	0.94188	0.85469	0.8111
wince	0.34346	0.53104	0.45443
windmill	0.57464	0.32893	0.52708
window	0.61559	0.35931	0.48349
windshield	0.44782	0.39234	0.48613
windsurfers	0.69353	0.66711	0.53897
wine	0.62087	0.46631	0.53633
wings	0.679	0.53897	0.49009
wink	0.75033	0.5535	0.58785
winner	0.92338	0.74108	0.85469
winter	0.59974	0.53765	0.46764
wires	0.4465	0.45575	0.45971
wisdom	0.80449	0.5284	0.70806
wise	0.82827	0.35139	0.71995
wish	0.77147	0.51651	0.53236
wishful	0.82563	0.57067	0.53104
wit	0.80185	0.55086	0.67768
wolf	0.49538	0.71995	0.40687
woman	0.71202	0.53765	0.67107
wonder	0.63144	0.49538	0.53765
wood	0.60898	0.45178	0.57332
wool	0.53104	0.31044	0.51783
work	0.35799	0.50991	0.37781
worker	0.50462	0.45971	0.53104
world	0.69353	0.53765	0.52972
worry	0.14003	0.62748	0.22589
worth	0.64729	0.44518	0.52576
wounds	0.16645	0.6037	0.35271
wrath	0.29326	0.57464	0.39366
wreath	0.63672	0.44782	0.51387
wring	0.47028	0.46631	0.49934
writer	0.56407	0.40687	0.45971
wrong	0.22193	0.45178	0.27081
yacht	0.75297	0.57596	0.64069
year	0.54954	0.39234	0.5284
yellow	0.57596	0.42008	0.55746
yelp	0.32232	0.59181	0.39894
yolk	0.55878	0.37252	0.50066
young	0.74505	0.57992	0.53501
youth	0.72655	0.58388	0.50991
zeal	0.64729	0.54954	0.56407
zealous	0.58388	0.55746	0.57464
zest	0.73184	0.57332	0.62748
zipper	0.5469	0.52048	0.5786
zoom	0.70145	0.61162	0.61559
